64
65 65
1
Resourses//firstlevel.png
192 0 0 0 192 0 0 0 192 0 0 0 192 0 0 0 192 0 0 0 192 0 0 0 192 0 0 0 192 0 0 0 192 0 0 0 192 0 0 0 192 0 0 0 192 0 0 0 192 0 0 0 192 0 0 0 192 0 0 0 192 0 0 0 192 0 0 0 192 0 0 0 192 0 0 0 192 0 0 0 192 0 0 0 192 0 0 0 192 0 0 0 192 0 0 0 192 0 0 0 192 0 0 0 192 0 0 0 192 0 0 0 192 0 0 0 192 0 0 0 192 0 0 0 192 0 0 0 192 0 0 0 192 0 0 0 192 0 0 0 192 0 0 0 192 0 0 0 192 0 0 0 192 0 0 0 192 0 0 0 192 0 0 0 192 0 0 0 192 0 0 0 192 0 0 0 192 0 0 0 192 0 0 0 192 0 0 0 192 0 0 0 192 0 0 0 448 0 1 1 192 0 0 0 192 0 0 0 192 0 0 0 192 0 0 0 192 0 0 0 192 0 0 0 192 0 0 0 192 0 0 0 192 0 0 0 192 0 0 0 192 0 0 0 192 0 0 0 448 0 1 1 192 0 0 0 192 0 0 0
192 0 0 0 448 0 1 1 448 0 1 1 448 0 1 1 448 0 1 1 448 0 1 1 448 0 1 1 448 0 1 1 448 0 1 1 448 0 1 1 448 0 1 1 448 0 1 1 448 0 1 1 448 0 1 1 448 0 1 1 448 0 1 1 448 0 1 1 448 0 1 1 448 0 1 1 448 0 1 1 448 0 1 1 448 0 1 1 448 0 1 1 448 0 1 1 448 0 1 1 448 0 1 1 448 0 1 1 448 0 1 1 448 0 1 1 448 0 1 1 448 0 1 1 448 0 1 1 448 0 1 1 448 0 1 1 448 0 1 1 448 0 1 1 448 0 1 1 448 0 1 1 448 0 1 1 448 0 1 1 448 0 1 1 448 0 1 1 448 0 1 1 448 0 1 1 448 0 1 1 192 0 0 0 448 0 1 1 192 0 0 0 192 0 0 0 448 0 1 1 448 0 1 1 448 0 1 1 448 0 1 1 192 0 0 0 448 0 1 1 448 0 1 1 448 0 1 1 192 0 0 0 448 0 1 1 448 0 1 1 448 0 1 1 192 0 0 0 448 0 1 1 192 0 0 0 192 0 0 0
192 0 0 0 448 0 1 1 192 0 0 0 192 0 0 0 192 0 0 0 192 0 0 0 448 0 1 1 192 0 0 0 192 0 0 0 192 0 0 0 192 0 0 0 192 0 0 0 192 0 0 0 192 0 0 0 192 0 0 0 192 0 0 0 192 0 0 0 192 0 0 0 192 0 0 0 192 0 0 0 192 0 0 0 192 0 0 0 192 0 0 0 192 0 0 0 192 0 0 0 192 0 0 0 192 0 0 0 192 0 0 0 192 0 0 0 192 0 0 0 192 0 0 0 192 0 0 0 192 0 0 0 448 0 1 1 192 0 0 0 192 0 0 0 192 0 0 0 192 0 0 0 192 0 0 0 192 0 0 0 192 0 0 0 192 0 0 0 192 0 0 0 192 0 0 0 448 0 1 1 192 0 0 0 448 0 1 1 448 0 1 1 448 0 1 1 448 0 1 1 192 0 0 0 192 0 0 0 192 0 0 0 192 0 0 0 448 0 1 1 192 0 0 0 192 0 0 0 192 0 0 0 448 0 1 1 192 0 0 0 448 0 1 1 192 0 0 0 448 0 1 1 192 0 0 0 192 0 0 0
192 0 0 0 448 0 1 1 192 0 0 0 192 0 0 0 448 0 1 1 192 0 0 0 448 0 1 1 192 0 0 0 448 0 1 1 448 0 1 1 448 0 1 1 448 0 1 1 192 0 0 0 192 0 0 0 192 0 0 0 448 0 1 1 448 0 1 1 448 0 1 1 448 0 1 1 448 0 1 1 448 0 1 1 448 0 1 1 448 0 1 1 448 0 1 1 448 0 1 1 448 0 1 1 448 0 1 1 448 0 1 1 448 0 1 1 448 0 1 1 448 0 1 1 192 0 0 0 448 0 1 1 448 0 1 1 192 0 0 0 448 0 1 1 192 0 0 0 192 0 0 0 192 0 0 0 192 0 0 0 192 0 0 0 448 0 1 1 448 0 1 1 448 0 1 1 448 0 1 1 192 0 0 0 192 0 0 0 192 0 0 0 192 0 0 0 192 0 0 0 192 0 0 0 448 0 1 1 448 0 1 1 448 0 1 1 448 0 1 1 192 0 0 0 448 0 1 1 192 0 0 0 448 0 1 1 192 0 0 0 448 0 1 1 192 0 0 0 448 0 1 1 448 0 1 1 448 0 1 1
192 0 0 0 448 0 1 1 192 0 0 0 192 0 0 0 448 0 1 1 192 0 0 0 448 0 1 1 192 0 0 0 192 0 0 0 192 0 0 0 192 0 0 0 448 0 1 1 192 0 0 0 192 0 0 0 192 0 0 0 448 0 1 1 192 0 0 0 192 0 0 0 192 0 0 0 192 0 0 0 192 0 0 0 192 0 0 0 192 0 0 0 192 0 0 0 192 0 0 0 192 0 0 0 192 0 0 0 448 0 1 1 192 0 0 0 192 0 0 0 192 0 0 0 192 0 0 0 448 0 1 1 192 0 0 0 192 0 0 0 448 0 1 1 192 0 0 0 192 0 0 0 192 0 0 0 192 0 0 0 192 0 0 0 448 0 1 1 192 0 0 0 192 0 0 0 448 0 1 1 448 0 1 1 448 0 1 1 448 0 1 1 448 0 1 1 448 0 1 1 448 0 1 1 448 0 1 1 192 0 0 0 192 0 0 0 192 0 0 0 192 0 0 0 448 0 1 1 192 0 0 0 448 0 1 1 192 0 0 0 448 0 1 1 192 0 0 0 192 0 0 0 192 0 0 0 192 0 0 0
192 0 0 0 448 0 1 1 448 0 1 1 448 0 1 1 448 0 1 1 192 0 0 0 448 0 1 1 448 0 1 1 448 0 1 1 448 0 1 1 448 0 1 1 448 0 1 1 448 0 1 1 448 0 1 1 448 0 1 1 448 0 1 1 448 0 1 1 448 0 1 1 448 0 1 1 448 0 1 1 448 0 1 1 448 0 1 1 448 0 1 1 448 0 1 1 448 0 1 1 448 0 1 1 192 0 0 0 448 0 1 1 192 0 0 0 448 0 1 1 448 0 1 1 448 0 1 1 448 0 1 1 448 0 1 1 448 0 1 1 448 0 1 1 448 0 1 1 448 0 1 1 448 0 1 1 448 0 1 1 192 0 0 0 448 0 1 1 192 0 0 0 192 0 0 0 192 0 0 0 192 0 0 0 192 0 0 0 192 0 0 0 192 0 0 0 192 0 0 0 192 0 0 0 448 0 1 1 448 0 1 1 448 0 1 1 448 0 1 1 192 0 0 0 448 0 1 1 192 0 0 0 448 0 1 1 192 0 0 0 448 0 1 1 448 0 1 1 448 0 1 1 448 0 1 1 192 0 0 0
192 0 0 0 192 0 0 0 192 0 0 0 448 0 1 1 192 0 0 0 192 0 0 0 192 0 0 0 192 0 0 0 192 0 0 0 192 0 0 0 448 0 1 1 192 0 0 0 192 0 0 0 192 0 0 0 192 0 0 0 192 0 0 0 192 0 0 0 192 0 0 0 192 0 0 0 192 0 0 0 192 0 0 0 192 0 0 0 192 0 0 0 192 0 0 0 192 0 0 0 192 0 0 0 192 0 0 0 192 0 0 0 192 0 0 0 448 0 1 1 192 0 0 0 192 0 0 0 192 0 0 0 192 0 0 0 192 0 0 0 192 0 0 0 192 0 0 0 192 0 0 0 192 0 0 0 192 0 0 0 192 0 0 0 448 0 1 1 192 0 0 0 192 0 0 0 448 0 1 1 448 0 1 1 448 0 1 1 448 0 1 1 448 0 1 1 448 0 1 1 192 0 0 0 448 0 1 1 192 0 0 0 192 0 0 0 192 0 0 0 192 0 0 0 448 0 1 1 192 0 0 0 448 0 1 1 192 0 0 0 192 0 0 0 192 0 0 0 192 0 0 0 192 0 0 0 192 0 0 0
192 0 0 0 192 0 0 0 192 0 0 0 448 0 1 1 192 0 0 0 448 0 1 1 448 0 1 1 448 0 1 1 448 0 1 1 192 0 0 0 448 0 1 1 448 0 1 1 448 0 1 1 448 0 1 1 448 0 1 1 448 0 1 1 192 0 0 0 448 0 1 1 448 0 1 1 448 0 1 1 448 0 1 1 448 0 1 1 448 0 1 1 448 0 1 1 448 0 1 1 448 0 1 1 448 0 1 1 448 0 1 1 448 0 1 1 448 0 1 1 192 0 0 0 448 0 1 1 192 0 0 0 192 0 0 0 448 0 1 1 448 0 1 1 448 0 1 1 448 0 1 1 448 0 1 1 448 0 1 1 192 0 0 0 448 0 1 1 192 0 0 0 192 0 0 0 448 0 1 1 192 0 0 0 192 0 0 0 192 0 0 0 192 0 0 0 192 0 0 0 192 0 0 0 448 0 1 1 192 0 0 0 448 0 1 1 192 0 0 0 192 0 0 0 448 0 1 1 192 0 0 0 448 0 1 1 448 0 1 1 448 0 1 1 448 0 1 1 448 0 1 1 448 0 1 1 192 0 0 0
192 0 0 0 448 0 1 1 448 0 1 1 448 0 1 1 192 0 0 0 448 0 1 1 192 0 0 0 448 0 1 1 192 0 0 0 192 0 0 0 448 0 1 1 192 0 0 0 448 0 1 1 192 0 0 0 192 0 0 0 192 0 0 0 192 0 0 0 448 0 1 1 192 0 0 0 192 0 0 0 192 0 0 0 192 0 0 0 192 0 0 0 192 0 0 0 192 0 0 0 192 0 0 0 192 0 0 0 192 0 0 0 192 0 0 0 448 0 1 1 192 0 0 0 448 0 1 1 192 0 0 0 192 0 0 0 448 0 1 1 192 0 0 0 192 0 0 0 192 0 0 0 192 0 0 0 192 0 0 0 192 0 0 0 448 0 1 1 192 0 0 0 192 0 0 0 448 0 1 1 448 0 1 1 448 0 1 1 448 0 1 1 448 0 1 1 448 0 1 1 192 0 0 0 448 0 1 1 448 0 1 1 448 0 1 1 448 0 1 1 448 0 1 1 448 0 1 1 448 0 1 1 448 0 1 1 192 0 0 0 192 0 0 0 448 0 1 1 192 0 0 0 448 0 1 1 192 0 0 0
192 0 0 0 192 0 0 0 192 0 0 0 192 0 0 0 192 0 0 0 448 0 1 1 192 0 0 0 192 0 0 0 192 0 0 0 192 0 0 0 448 0 1 1 192 0 0 0 448 0 1 1 192 0 0 0 192 0 0 0 192 0 0 0 192 0 0 0 448 0 1 1 192 0 0 0 192 0 0 0 192 0 0 0 192 0 0 0 192 0 0 0 192 0 0 0 448 0 1 1 448 0 1 1 448 0 1 1 448 0 1 1 448 0 1 1 448 0 1 1 192 0 0 0 448 0 1 1 192 0 0 0 192 0 0 0 448 0 1 1 192 0 0 0 192 0 0 0 192 0 0 0 192 0 0 0 192 0 0 0 192 0 0 0 448 0 1 1 448 0 1 1 192 0 0 0 448 0 1 1 192 0 0 0 192 0 0 0 448 0 1 1 192 0 0 0 192 0 0 0 192 0 0 0 192 0 0 0 192 0 0 0 192 0 0 0 192 0 0 0 192 0 0 0 192 0 0 0 192 0 0 0 192 0 0 0 192 0 0 0 192 0 0 0 192 0 0 0 192 0 0 0 448 0 1 1 192 0 0 0
192 0 0 0 448 0 1 1 448 0 1 1 448 0 1 1 448 0 1 1 448 0 1 1 448 0 1 1 448 0 1 1 448 0 1 1 192 0 0 0 192 0 0 0 192 0 0 0 448 0 1 1 448 0 1 1 448 0 1 1 448 0 1 1 448 0 1 1 448 0 1 1 448 0 1 1 448 0 1 1 448 0 1 1 448 0 1 1 448 0 1 1 192 0 0 0 192 0 0 0 192 0 0 0 192 0 0 0 192 0 0 0 192 0 0 0 192 0 0 0 192 0 0 0 448 0 1 1 448 0 1 1 448 0 1 1 448 0 1 1 448 0 1 1 448 0 1 1 448 0 1 1 448 0 1 1 192 0 0 0 192 0 0 0 192 0 0 0 192 0 0 0 192 0 0 0 448 0 1 1 192 0 0 0 192 0 0 0 448 0 1 1 192 0 0 0 192 0 0 0 192 0 0 0 192 0 0 0 192 0 0 0 192 0 0 0 448 0 1 1 192 0 0 0 192 0 0 0 192 0 0 0 192 0 0 0 448 0 1 1 448 0 1 1 448 0 1 1 192 0 0 0 448 0 1 1 192 0 0 0
192 0 0 0 192 0 0 0 192 0 0 0 448 0 1 1 192 0 0 0 192 0 0 0 192 0 0 0 192 0 0 0 192 0 0 0 192 0 0 0 448 0 1 1 192 0 0 0 192 0 0 0 192 0 0 0 192 0 0 0 448 0 1 1 192 0 0 0 192 0 0 0 192 0 0 0 192 0 0 0 192 0 0 0 192 0 0 0 192 0 0 0 192 0 0 0 448 0 1 1 192 0 0 0 192 0 0 0 448 0 1 1 192 0 0 0 192 0 0 0 192 0 0 0 192 0 0 0 192 0 0 0 448 0 1 1 192 0 0 0 192 0 0 0 448 0 1 1 192 0 0 0 448 0 1 1 192 0 0 0 448 0 1 1 192 0 0 0 192 0 0 0 192 0 0 0 448 0 1 1 192 0 0 0 192 0 0 0 192 0 0 0 192 0 0 0 192 0 0 0 448 0 1 1 192 0 0 0 448 0 1 1 448 0 1 1 448 0 1 1 448 0 1 1 448 0 1 1 448 0 1 1 192 0 0 0 192 0 0 0 192 0 0 0 448 0 1 1 192 0 0 0 448 0 1 1 192 0 0 0
192 0 0 0 192 0 0 0 192 0 0 0 448 0 1 1 448 0 1 1 448 0 1 1 448 0 1 1 192 0 0 0 192 0 0 0 192 0 0 0 448 0 1 1 192 0 0 0 192 0 0 0 192 0 0 0 192 0 0 0 448 0 1 1 192 0 0 0 192 0 0 0 192 0 0 0 192 0 0 0 192 0 0 0 192 0 0 0 192 0 0 0 192 0 0 0 448 0 1 1 192 0 0 0 192 0 0 0 448 0 1 1 192 0 0 0 192 0 0 0 192 0 0 0 192 0 0 0 192 0 0 0 448 0 1 1 192 0 0 0 192 0 0 0 448 0 1 1 192 0 0 0 448 0 1 1 448 0 1 1 448 0 1 1 192 0 0 0 192 0 0 0 448 0 1 1 448 0 1 1 448 0 1 1 448 0 1 1 448 0 1 1 448 0 1 1 448 0 1 1 448 0 1 1 192 0 0 0 192 0 0 0 192 0 0 0 448 0 1 1 192 0 0 0 448 0 1 1 192 0 0 0 192 0 0 0 448 0 1 1 448 0 1 1 448 0 1 1 192 0 0 0 448 0 1 1 448 0 1 1
192 0 0 0 192 0 0 0 192 0 0 0 448 0 1 1 192 0 0 0 448 0 1 1 192 0 0 0 448 0 1 1 448 0 1 1 448 0 1 1 448 0 1 1 448 0 1 1 192 0 0 0 192 0 0 0 192 0 0 0 448 0 1 1 448 0 1 1 448 0 1 1 448 0 1 1 448 0 1 1 448 0 1 1 448 0 1 1 448 0 1 1 448 0 1 1 448 0 1 1 448 0 1 1 448 0 1 1 448 0 1 1 448 0 1 1 448 0 1 1 192 0 0 0 192 0 0 0 192 0 0 0 448 0 1 1 192 0 0 0 192 0 0 0 448 0 1 1 192 0 0 0 192 0 0 0 192 0 0 0 448 0 1 1 448 0 1 1 192 0 0 0 448 0 1 1 192 0 0 0 192 0 0 0 192 0 0 0 192 0 0 0 192 0 0 0 192 0 0 0 448 0 1 1 192 0 0 0 192 0 0 0 192 0 0 0 448 0 1 1 192 0 0 0 448 0 1 1 192 0 0 0 192 0 0 0 448 0 1 1 192 0 0 0 448 0 1 1 192 0 0 0 192 0 0 0 448 0 1 1
192 0 0 0 192 0 0 0 192 0 0 0 448 0 1 1 192 0 0 0 448 0 1 1 192 0 0 0 448 0 1 1 192 0 0 0 192 0 0 0 192 0 0 0 192 0 0 0 192 0 0 0 192 0 0 0 192 0 0 0 192 0 0 0 192 0 0 0 448 0 1 1 192 0 0 0 192 0 0 0 192 0 0 0 192 0 0 0 192 0 0 0 192 0 0 0 192 0 0 0 192 0 0 0 192 0 0 0 192 0 0 0 192 0 0 0 192 0 0 0 192 0 0 0 448 0 1 1 192 0 0 0 192 0 0 0 192 0 0 0 448 0 1 1 448 0 1 1 448 0 1 1 448 0 1 1 192 0 0 0 192 0 0 0 448 0 1 1 448 0 1 1 448 0 1 1 448 0 1 1 448 0 1 1 448 0 1 1 448 0 1 1 192 0 0 0 192 0 0 0 448 0 1 1 192 0 0 0 192 0 0 0 448 0 1 1 448 0 1 1 192 0 0 0 448 0 1 1 192 0 0 0 192 0 0 0 448 0 1 1 192 0 0 0 448 0 1 1 192 0 0 0 192 0 0 0 448 0 1 1
192 0 0 0 448 0 1 1 448 0 1 1 448 0 1 1 192 0 0 0 448 0 1 1 192 0 0 0 448 0 1 1 448 0 1 1 448 0 1 1 448 0 1 1 448 0 1 1 448 0 1 1 448 0 1 1 448 0 1 1 448 0 1 1 448 0 1 1 448 0 1 1 448 0 1 1 448 0 1 1 448 0 1 1 448 0 1 1 448 0 1 1 448 0 1 1 448 0 1 1 192 0 0 0 192 0 0 0 192 0 0 0 448 0 1 1 448 0 1 1 448 0 1 1 448 0 1 1 192 0 0 0 192 0 0 0 192 0 0 0 448 0 1 1 192 0 0 0 192 0 0 0 448 0 1 1 192 0 0 0 192 0 0 0 192 0 0 0 192 0 0 0 192 0 0 0 192 0 0 0 192 0 0 0 192 0 0 0 448 0 1 1 192 0 0 0 192 0 0 0 448 0 1 1 192 0 0 0 192 0 0 0 448 0 1 1 192 0 0 0 192 0 0 0 448 0 1 1 192 0 0 0 448 0 1 1 448 0 1 1 192 0 0 0 448 0 1 1 448 0 1 1 448 0 1 1 448 0 1 1
192 0 0 0 192 0 0 0 192 0 0 0 448 0 1 1 192 0 0 0 448 0 1 1 192 0 0 0 448 0 1 1 192 0 0 0 192 0 0 0 192 0 0 0 192 0 0 0 192 0 0 0 448 0 1 1 192 0 0 0 192 0 0 0 448 0 1 1 192 0 0 0 192 0 0 0 192 0 0 0 192 0 0 0 192 0 0 0 192 0 0 0 192 0 0 0 192 0 0 0 192 0 0 0 448 0 1 1 192 0 0 0 192 0 0 0 192 0 0 0 192 0 0 0 448 0 1 1 192 0 0 0 192 0 0 0 192 0 0 0 448 0 1 1 192 0 0 0 192 0 0 0 448 0 1 1 192 0 0 0 192 0 0 0 192 0 0 0 192 0 0 0 448 0 1 1 192 0 0 0 192 0 0 0 192 0 0 0 448 0 1 1 192 0 0 0 192 0 0 0 448 0 1 1 192 0 0 0 192 0 0 0 448 0 1 1 192 0 0 0 192 0 0 0 448 0 1 1 192 0 0 0 448 0 1 1 192 0 0 0 192 0 0 0 192 0 0 0 192 0 0 0 192 0 0 0 192 0 0 0
192 0 0 0 448 0 1 1 192 0 0 0 448 0 1 1 192 0 0 0 448 0 1 1 448 0 1 1 448 0 1 1 448 0 1 1 448 0 1 1 448 0 1 1 192 0 0 0 192 0 0 0 192 0 0 0 192 0 0 0 192 0 0 0 448 0 1 1 192 0 0 0 192 0 0 0 448 0 1 1 192 0 0 0 192 0 0 0 192 0 0 0 192 0 0 0 192 0 0 0 192 0 0 0 448 0 1 1 192 0 0 0 192 0 0 0 192 0 0 0 192 0 0 0 448 0 1 1 192 0 0 0 192 0 0 0 192 0 0 0 192 0 0 0 192 0 0 0 192 0 0 0 448 0 1 1 192 0 0 0 192 0 0 0 192 0 0 0 192 0 0 0 448 0 1 1 192 0 0 0 192 0 0 0 192 0 0 0 448 0 1 1 192 0 0 0 192 0 0 0 448 0 1 1 192 0 0 0 192 0 0 0 448 0 1 1 192 0 0 0 192 0 0 0 448 0 1 1 192 0 0 0 448 0 1 1 192 0 0 0 448 0 1 1 448 0 1 1 192 0 0 0 192 0 0 0 192 0 0 0
192 0 0 0 448 0 1 1 192 0 0 0 192 0 0 0 192 0 0 0 192 0 0 0 192 0 0 0 192 0 0 0 192 0 0 0 192 0 0 0 192 0 0 0 192 0 0 0 192 0 0 0 448 0 1 1 192 0 0 0 192 0 0 0 448 0 1 1 448 0 1 1 448 0 1 1 448 0 1 1 448 0 1 1 448 0 1 1 448 0 1 1 448 0 1 1 192 0 0 0 192 0 0 0 448 0 1 1 448 0 1 1 448 0 1 1 448 0 1 1 448 0 1 1 448 0 1 1 448 0 1 1 448 0 1 1 192 0 0 0 192 0 0 0 448 0 1 1 448 0 1 1 448 0 1 1 448 0 1 1 448 0 1 1 192 0 0 0 192 0 0 0 448 0 1 1 448 0 1 1 448 0 1 1 192 0 0 0 448 0 1 1 448 0 1 1 192 0 0 0 448 0 1 1 192 0 0 0 192 0 0 0 192 0 0 0 192 0 0 0 448 0 1 1 448 0 1 1 192 0 0 0 192 0 0 0 192 0 0 0 448 0 1 1 192 0 0 0 192 0 0 0 192 0 0 0 192 0 0 0
192 0 0 0 448 0 1 1 192 0 0 0 192 0 0 0 192 0 0 0 448 0 1 1 192 0 0 0 192 0 0 0 448 0 1 1 192 0 0 0 192 0 0 0 192 0 0 0 192 0 0 0 448 0 1 1 192 0 0 0 192 0 0 0 192 0 0 0 192 0 0 0 192 0 0 0 192 0 0 0 192 0 0 0 192 0 0 0 192 0 0 0 448 0 1 1 192 0 0 0 192 0 0 0 448 0 1 1 192 0 0 0 192 0 0 0 192 0 0 0 192 0 0 0 192 0 0 0 192 0 0 0 192 0 0 0 192 0 0 0 192 0 0 0 448 0 1 1 192 0 0 0 192 0 0 0 192 0 0 0 192 0 0 0 192 0 0 0 192 0 0 0 448 0 1 1 192 0 0 0 192 0 0 0 192 0 0 0 448 0 1 1 192 0 0 0 192 0 0 0 448 0 1 1 192 0 0 0 192 0 0 0 448 0 1 1 192 0 0 0 192 0 0 0 448 0 1 1 192 0 0 0 192 0 0 0 192 0 0 0 448 0 1 1 448 0 1 1 448 0 1 1 192 0 0 0 192 0 0 0
192 0 0 0 448 0 1 1 448 0 1 1 448 0 1 1 448 0 1 1 448 0 1 1 448 0 1 1 448 0 1 1 448 0 1 1 448 0 1 1 192 0 0 0 448 0 1 1 448 0 1 1 448 0 1 1 448 0 1 1 448 0 1 1 448 0 1 1 448 0 1 1 448 0 1 1 448 0 1 1 448 0 1 1 448 0 1 1 448 0 1 1 448 0 1 1 448 0 1 1 448 0 1 1 448 0 1 1 448 0 1 1 448 0 1 1 448 0 1 1 448 0 1 1 192 0 0 0 448 0 1 1 448 0 1 1 448 0 1 1 448 0 1 1 448 0 1 1 192 0 0 0 192 0 0 0 192 0 0 0 448 0 1 1 192 0 0 0 192 0 0 0 448 0 1 1 192 0 0 0 192 0 0 0 192 0 0 0 448 0 1 1 192 0 0 0 192 0 0 0 448 0 1 1 192 0 0 0 192 0 0 0 448 0 1 1 192 0 0 0 192 0 0 0 448 0 1 1 192 0 0 0 192 0 0 0 192 0 0 0 448 0 1 1 192 0 0 0 192 0 0 0 192 0 0 0 192 0 0 0
192 0 0 0 192 0 0 0 448 0 1 1 192 0 0 0 192 0 0 0 192 0 0 0 192 0 0 0 192 0 0 0 192 0 0 0 192 0 0 0 192 0 0 0 448 0 1 1 192 0 0 0 192 0 0 0 192 0 0 0 192 0 0 0 192 0 0 0 192 0 0 0 192 0 0 0 192 0 0 0 192 0 0 0 192 0 0 0 192 0 0 0 192 0 0 0 192 0 0 0 192 0 0 0 192 0 0 0 192 0 0 0 192 0 0 0 192 0 0 0 192 0 0 0 192 0 0 0 192 0 0 0 192 0 0 0 192 0 0 0 192 0 0 0 448 0 1 1 192 0 0 0 192 0 0 0 192 0 0 0 448 0 1 1 192 0 0 0 448 0 1 1 448 0 1 1 448 0 1 1 448 0 1 1 448 0 1 1 448 0 1 1 192 0 0 0 192 0 0 0 448 0 1 1 192 0 0 0 192 0 0 0 448 0 1 1 192 0 0 0 192 0 0 0 448 0 1 1 192 0 0 0 192 0 0 0 192 0 0 0 448 0 1 1 192 0 0 0 192 0 0 0 448 0 1 1 192 0 0 0
192 0 0 0 192 0 0 0 448 0 1 1 192 0 0 0 448 0 1 1 448 0 1 1 448 0 1 1 448 0 1 1 448 0 1 1 192 0 0 0 192 0 0 0 448 0 1 1 448 0 1 1 448 0 1 1 448 0 1 1 448 0 1 1 448 0 1 1 448 0 1 1 448 0 1 1 448 0 1 1 448 0 1 1 192 0 0 0 192 0 0 0 192 0 0 0 192 0 0 0 192 0 0 0 448 0 1 1 192 0 0 0 192 0 0 0 192 0 0 0 448 0 1 1 448 0 1 1 448 0 1 1 448 0 1 1 448 0 1 1 192 0 0 0 448 0 1 1 192 0 0 0 192 0 0 0 192 0 0 0 448 0 1 1 192 0 0 0 192 0 0 0 192 0 0 0 192 0 0 0 192 0 0 0 192 0 0 0 448 0 1 1 192 0 0 0 192 0 0 0 448 0 1 1 192 0 0 0 192 0 0 0 448 0 1 1 192 0 0 0 448 0 1 1 448 0 1 1 192 0 0 0 448 0 1 1 448 0 1 1 448 0 1 1 448 0 1 1 448 0 1 1 448 0 1 1 448 0 1 1
192 0 0 0 192 0 0 0 448 0 1 1 192 0 0 0 448 0 1 1 192 0 0 0 448 0 1 1 192 0 0 0 192 0 0 0 192 0 0 0 192 0 0 0 192 0 0 0 192 0 0 0 192 0 0 0 192 0 0 0 192 0 0 0 448 0 1 1 192 0 0 0 192 0 0 0 192 0 0 0 448 0 1 1 192 0 0 0 192 0 0 0 192 0 0 0 192 0 0 0 192 0 0 0 448 0 1 1 192 0 0 0 192 0 0 0 192 0 0 0 448 0 1 1 192 0 0 0 192 0 0 0 192 0 0 0 192 0 0 0 192 0 0 0 448 0 1 1 448 0 1 1 448 0 1 1 448 0 1 1 448 0 1 1 192 0 0 0 192 0 0 0 192 0 0 0 192 0 0 0 192 0 0 0 448 0 1 1 448 0 1 1 448 0 1 1 192 0 0 0 448 0 1 1 192 0 0 0 448 0 1 1 448 0 1 1 192 0 0 0 192 0 0 0 448 0 1 1 192 0 0 0 192 0 0 0 192 0 0 0 192 0 0 0 448 0 1 1 192 0 0 0 192 0 0 0 192 0 0 0
192 0 0 0 192 0 0 0 448 0 1 1 192 0 0 0 448 0 1 1 192 0 0 0 448 0 1 1 448 0 1 1 448 0 1 1 448 0 1 1 448 0 1 1 448 0 1 1 448 0 1 1 448 0 1 1 448 0 1 1 192 0 0 0 448 0 1 1 192 0 0 0 192 0 0 0 192 0 0 0 448 0 1 1 448 0 1 1 448 0 1 1 448 0 1 1 448 0 1 1 448 0 1 1 448 0 1 1 448 0 1 1 448 0 1 1 448 0 1 1 448 0 1 1 448 0 1 1 448 0 1 1 448 0 1 1 192 0 0 0 192 0 0 0 192 0 0 0 192 0 0 0 192 0 0 0 192 0 0 0 448 0 1 1 192 0 0 0 192 0 0 0 448 0 1 1 192 0 0 0 192 0 0 0 192 0 0 0 192 0 0 0 192 0 0 0 192 0 0 0 448 0 1 1 192 0 0 0 192 0 0 0 448 0 1 1 192 0 0 0 192 0 0 0 448 0 1 1 192 0 0 0 448 0 1 1 192 0 0 0 192 0 0 0 448 0 1 1 192 0 0 0 192 0 0 0 192 0 0 0
192 0 0 0 448 0 1 1 448 0 1 1 192 0 0 0 448 0 1 1 192 0 0 0 448 0 1 1 192 0 0 0 192 0 0 0 448 0 1 1 192 0 0 0 192 0 0 0 192 0 0 0 192 0 0 0 192 0 0 0 192 0 0 0 448 0 1 1 448 0 1 1 448 0 1 1 192 0 0 0 448 0 1 1 192 0 0 0 192 0 0 0 192 0 0 0 192 0 0 0 192 0 0 0 192 0 0 0 192 0 0 0 192 0 0 0 192 0 0 0 192 0 0 0 192 0 0 0 192 0 0 0 192 0 0 0 192 0 0 0 192 0 0 0 192 0 0 0 192 0 0 0 192 0 0 0 192 0 0 0 448 0 1 1 192 0 0 0 192 0 0 0 448 0 1 1 192 0 0 0 192 0 0 0 448 0 1 1 192 0 0 0 192 0 0 0 192 0 0 0 448 0 1 1 448 0 1 1 192 0 0 0 448 0 1 1 192 0 0 0 192 0 0 0 448 0 1 1 192 0 0 0 448 0 1 1 448 0 1 1 448 0 1 1 448 0 1 1 192 0 0 0 192 0 0 0 192 0 0 0
192 0 0 0 192 0 0 0 192 0 0 0 192 0 0 0 448 0 1 1 192 0 0 0 192 0 0 0 192 0 0 0 192 0 0 0 448 0 1 1 192 0 0 0 192 0 0 0 192 0 0 0 192 0 0 0 192 0 0 0 192 0 0 0 192 0 0 0 192 0 0 0 448 0 1 1 192 0 0 0 192 0 0 0 192 0 0 0 448 0 1 1 448 0 1 1 448 0 1 1 448 0 1 1 448 0 1 1 448 0 1 1 448 0 1 1 448 0 1 1 448 0 1 1 192 0 0 0 192 0 0 0 192 0 0 0 192 0 0 0 448 0 1 1 192 0 0 0 192 0 0 0 192 0 0 0 448 0 1 1 448 0 1 1 448 0 1 1 448 0 1 1 448 0 1 1 448 0 1 1 448 0 1 1 448 0 1 1 192 0 0 0 448 0 1 1 448 0 1 1 448 0 1 1 192 0 0 0 192 0 0 0 448 0 1 1 192 0 0 0 448 0 1 1 448 0 1 1 192 0 0 0 448 0 1 1 192 0 0 0 192 0 0 0 192 0 0 0 192 0 0 0 192 0 0 0 192 0 0 0
192 0 0 0 448 0 1 1 448 0 1 1 448 0 1 1 448 0 1 1 448 0 1 1 448 0 1 1 448 0 1 1 448 0 1 1 448 0 1 1 448 0 1 1 448 0 1 1 448 0 1 1 448 0 1 1 448 0 1 1 448 0 1 1 192 0 0 0 192 0 0 0 448 0 1 1 192 0 0 0 192 0 0 0 192 0 0 0 448 0 1 1 192 0 0 0 192 0 0 0 192 0 0 0 448 0 1 1 192 0 0 0 192 0 0 0 192 0 0 0 192 0 0 0 192 0 0 0 448 0 1 1 192 0 0 0 192 0 0 0 448 0 1 1 192 0 0 0 192 0 0 0 192 0 0 0 192 0 0 0 192 0 0 0 192 0 0 0 192 0 0 0 192 0 0 0 448 0 1 1 192 0 0 0 448 0 1 1 192 0 0 0 192 0 0 0 192 0 0 0 448 0 1 1 192 0 0 0 192 0 0 0 448 0 1 1 192 0 0 0 448 0 1 1 192 0 0 0 192 0 0 0 448 0 1 1 192 0 0 0 448 0 1 1 448 0 1 1 448 0 1 1 448 0 1 1 448 0 1 1
192 0 0 0 448 0 1 1 192 0 0 0 192 0 0 0 192 0 0 0 192 0 0 0 192 0 0 0 192 0 0 0 192 0 0 0 192 0 0 0 192 0 0 0 192 0 0 0 192 0 0 0 192 0 0 0 192 0 0 0 192 0 0 0 192 0 0 0 192 0 0 0 448 0 1 1 192 0 0 0 448 0 1 1 448 0 1 1 448 0 1 1 192 0 0 0 192 0 0 0 192 0 0 0 448 0 1 1 192 0 0 0 192 0 0 0 192 0 0 0 192 0 0 0 192 0 0 0 448 0 1 1 192 0 0 0 192 0 0 0 448 0 1 1 448 0 1 1 448 0 1 1 448 0 1 1 448 0 1 1 448 0 1 1 448 0 1 1 192 0 0 0 192 0 0 0 448 0 1 1 192 0 0 0 448 0 1 1 192 0 0 0 192 0 0 0 192 0 0 0 448 0 1 1 192 0 0 0 192 0 0 0 448 0 1 1 192 0 0 0 448 0 1 1 192 0 0 0 192 0 0 0 192 0 0 0 192 0 0 0 448 0 1 1 192 0 0 0 192 0 0 0 192 0 0 0 192 0 0 0
192 0 0 0 448 0 1 1 192 0 0 0 192 0 0 0 192 0 0 0 448 0 1 1 448 0 1 1 448 0 1 1 448 0 1 1 448 0 1 1 448 0 1 1 192 0 0 0 448 0 1 1 448 0 1 1 448 0 1 1 192 0 0 0 192 0 0 0 192 0 0 0 448 0 1 1 192 0 0 0 192 0 0 0 192 0 0 0 448 0 1 1 192 0 0 0 192 0 0 0 192 0 0 0 448 0 1 1 448 0 1 1 448 0 1 1 448 0 1 1 448 0 1 1 448 0 1 1 448 0 1 1 448 0 1 1 192 0 0 0 448 0 1 1 192 0 0 0 192 0 0 0 192 0 0 0 192 0 0 0 192 0 0 0 192 0 0 0 192 0 0 0 192 0 0 0 192 0 0 0 192 0 0 0 448 0 1 1 192 0 0 0 448 0 1 1 448 0 1 1 448 0 1 1 448 0 1 1 192 0 0 0 448 0 1 1 192 0 0 0 448 0 1 1 192 0 0 0 192 0 0 0 448 0 1 1 192 0 0 0 448 0 1 1 192 0 0 0 192 0 0 0 192 0 0 0 192 0 0 0
192 0 0 0 448 0 1 1 448 0 1 1 448 0 1 1 192 0 0 0 448 0 1 1 192 0 0 0 192 0 0 0 192 0 0 0 192 0 0 0 448 0 1 1 192 0 0 0 448 0 1 1 192 0 0 0 448 0 1 1 192 0 0 0 192 0 0 0 192 0 0 0 448 0 1 1 192 0 0 0 192 0 0 0 192 0 0 0 448 0 1 1 192 0 0 0 192 0 0 0 192 0 0 0 448 0 1 1 192 0 0 0 192 0 0 0 192 0 0 0 192 0 0 0 192 0 0 0 448 0 1 1 192 0 0 0 192 0 0 0 448 0 1 1 192 0 0 0 192 0 0 0 192 0 0 0 192 0 0 0 192 0 0 0 192 0 0 0 192 0 0 0 448 0 1 1 192 0 0 0 192 0 0 0 448 0 1 1 192 0 0 0 192 0 0 0 448 0 1 1 192 0 0 0 192 0 0 0 192 0 0 0 448 0 1 1 192 0 0 0 448 0 1 1 192 0 0 0 192 0 0 0 448 0 1 1 192 0 0 0 448 0 1 1 448 0 1 1 448 0 1 1 192 0 0 0 192 0 0 0
192 0 0 0 192 0 0 0 192 0 0 0 448 0 1 1 192 0 0 0 448 0 1 1 192 0 0 0 192 0 0 0 192 0 0 0 192 0 0 0 448 0 1 1 192 0 0 0 448 0 1 1 192 0 0 0 448 0 1 1 448 0 1 1 448 0 1 1 448 0 1 1 448 0 1 1 192 0 0 0 192 0 0 0 192 0 0 0 448 0 1 1 192 0 0 0 448 0 1 1 448 0 1 1 448 0 1 1 192 0 0 0 448 0 1 1 192 0 0 0 192 0 0 0 192 0 0 0 448 0 1 1 192 0 0 0 192 0 0 0 448 0 1 1 448 0 1 1 448 0 1 1 448 0 1 1 448 0 1 1 448 0 1 1 448 0 1 1 448 0 1 1 448 0 1 1 192 0 0 0 192 0 0 0 448 0 1 1 192 0 0 0 192 0 0 0 448 0 1 1 192 0 0 0 192 0 0 0 192 0 0 0 448 0 1 1 192 0 0 0 448 0 1 1 448 0 1 1 192 0 0 0 448 0 1 1 192 0 0 0 192 0 0 0 192 0 0 0 448 0 1 1 192 0 0 0 192 0 0 0
192 0 0 0 192 0 0 0 192 0 0 0 448 0 1 1 448 0 1 1 448 0 1 1 448 0 1 1 448 0 1 1 448 0 1 1 192 0 0 0 192 0 0 0 192 0 0 0 448 0 1 1 192 0 0 0 192 0 0 0 192 0 0 0 192 0 0 0 192 0 0 0 192 0 0 0 192 0 0 0 192 0 0 0 192 0 0 0 448 0 1 1 192 0 0 0 192 0 0 0 192 0 0 0 192 0 0 0 192 0 0 0 448 0 1 1 192 0 0 0 192 0 0 0 192 0 0 0 448 0 1 1 192 0 0 0 192 0 0 0 192 0 0 0 192 0 0 0 192 0 0 0 192 0 0 0 192 0 0 0 192 0 0 0 192 0 0 0 192 0 0 0 448 0 1 1 192 0 0 0 192 0 0 0 192 0 0 0 192 0 0 0 192 0 0 0 448 0 1 1 192 0 0 0 192 0 0 0 192 0 0 0 448 0 1 1 192 0 0 0 448 0 1 1 192 0 0 0 192 0 0 0 448 0 1 1 448 0 1 1 448 0 1 1 448 0 1 1 448 0 1 1 192 0 0 0 192 0 0 0
192 0 0 0 192 0 0 0 192 0 0 0 448 0 1 1 192 0 0 0 192 0 0 0 192 0 0 0 192 0 0 0 192 0 0 0 192 0 0 0 192 0 0 0 192 0 0 0 448 0 1 1 192 0 0 0 192 0 0 0 192 0 0 0 192 0 0 0 192 0 0 0 192 0 0 0 448 0 1 1 192 0 0 0 192 0 0 0 448 0 1 1 192 0 0 0 192 0 0 0 192 0 0 0 192 0 0 0 192 0 0 0 448 0 1 1 192 0 0 0 192 0 0 0 192 0 0 0 448 0 1 1 448 0 1 1 448 0 1 1 448 0 1 1 448 0 1 1 448 0 1 1 448 0 1 1 448 0 1 1 448 0 1 1 192 0 0 0 192 0 0 0 448 0 1 1 192 0 0 0 192 0 0 0 448 0 1 1 192 0 0 0 192 0 0 0 448 0 1 1 192 0 0 0 192 0 0 0 192 0 0 0 448 0 1 1 448 0 1 1 448 0 1 1 192 0 0 0 192 0 0 0 192 0 0 0 192 0 0 0 192 0 0 0 192 0 0 0 192 0 0 0 192 0 0 0 192 0 0 0
192 0 0 0 192 0 0 0 192 0 0 0 448 0 1 1 448 0 1 1 448 0 1 1 192 0 0 0 192 0 0 0 192 0 0 0 192 0 0 0 192 0 0 0 192 0 0 0 448 0 1 1 448 0 1 1 448 0 1 1 448 0 1 1 448 0 1 1 448 0 1 1 448 0 1 1 448 0 1 1 448 0 1 1 448 0 1 1 448 0 1 1 448 0 1 1 448 0 1 1 448 0 1 1 448 0 1 1 448 0 1 1 448 0 1 1 448 0 1 1 448 0 1 1 192 0 0 0 192 0 0 0 192 0 0 0 192 0 0 0 192 0 0 0 192 0 0 0 192 0 0 0 192 0 0 0 192 0 0 0 192 0 0 0 192 0 0 0 192 0 0 0 448 0 1 1 192 0 0 0 192 0 0 0 448 0 1 1 192 0 0 0 192 0 0 0 448 0 1 1 448 0 1 1 448 0 1 1 192 0 0 0 448 0 1 1 192 0 0 0 448 0 1 1 448 0 1 1 448 0 1 1 448 0 1 1 448 0 1 1 448 0 1 1 448 0 1 1 448 0 1 1 448 0 1 1 192 0 0 0
448 0 1 1 448 0 1 1 448 0 1 1 448 0 1 1 192 0 0 0 448 0 1 1 192 0 0 0 192 0 0 0 192 0 0 0 448 0 1 1 448 0 1 1 192 0 0 0 192 0 0 0 192 0 0 0 448 0 1 1 192 0 0 0 192 0 0 0 192 0 0 0 192 0 0 0 192 0 0 0 192 0 0 0 448 0 1 1 192 0 0 0 192 0 0 0 192 0 0 0 192 0 0 0 192 0 0 0 192 0 0 0 192 0 0 0 192 0 0 0 448 0 1 1 448 0 1 1 448 0 1 1 448 0 1 1 448 0 1 1 448 0 1 1 448 0 1 1 448 0 1 1 192 0 0 0 192 0 0 0 192 0 0 0 192 0 0 0 192 0 0 0 448 0 1 1 192 0 0 0 192 0 0 0 448 0 1 1 192 0 0 0 192 0 0 0 192 0 0 0 192 0 0 0 192 0 0 0 192 0 0 0 448 0 1 1 192 0 0 0 192 0 0 0 192 0 0 0 192 0 0 0 192 0 0 0 192 0 0 0 192 0 0 0 192 0 0 0 192 0 0 0 448 0 1 1 192 0 0 0
192 0 0 0 192 0 0 0 192 0 0 0 192 0 0 0 192 0 0 0 448 0 1 1 192 0 0 0 448 0 1 1 448 0 1 1 448 0 1 1 192 0 0 0 192 0 0 0 192 0 0 0 192 0 0 0 448 0 1 1 192 0 0 0 192 0 0 0 192 0 0 0 448 0 1 1 192 0 0 0 192 0 0 0 448 0 1 1 192 0 0 0 192 0 0 0 192 0 0 0 192 0 0 0 192 0 0 0 448 0 1 1 192 0 0 0 192 0 0 0 192 0 0 0 192 0 0 0 192 0 0 0 192 0 0 0 192 0 0 0 192 0 0 0 192 0 0 0 448 0 1 1 192 0 0 0 192 0 0 0 448 0 1 1 192 0 0 0 192 0 0 0 448 0 1 1 448 0 1 1 448 0 1 1 448 0 1 1 448 0 1 1 448 0 1 1 192 0 0 0 192 0 0 0 192 0 0 0 192 0 0 0 448 0 1 1 192 0 0 0 448 0 1 1 448 0 1 1 448 0 1 1 448 0 1 1 448 0 1 1 448 0 1 1 448 0 1 1 448 0 1 1 448 0 1 1 192 0 0 0
192 0 0 0 192 0 0 0 192 0 0 0 192 0 0 0 192 0 0 0 448 0 1 1 192 0 0 0 448 0 1 1 192 0 0 0 192 0 0 0 192 0 0 0 192 0 0 0 448 0 1 1 448 0 1 1 448 0 1 1 192 0 0 0 192 0 0 0 192 0 0 0 448 0 1 1 192 0 0 0 192 0 0 0 448 0 1 1 192 0 0 0 192 0 0 0 448 0 1 1 192 0 0 0 192 0 0 0 448 0 1 1 192 0 0 0 192 0 0 0 192 0 0 0 192 0 0 0 448 0 1 1 448 0 1 1 448 0 1 1 448 0 1 1 448 0 1 1 448 0 1 1 192 0 0 0 192 0 0 0 448 0 1 1 192 0 0 0 192 0 0 0 192 0 0 0 192 0 0 0 192 0 0 0 192 0 0 0 192 0 0 0 448 0 1 1 448 0 1 1 448 0 1 1 192 0 0 0 192 0 0 0 448 0 1 1 192 0 0 0 448 0 1 1 192 0 0 0 192 0 0 0 192 0 0 0 192 0 0 0 192 0 0 0 192 0 0 0 192 0 0 0 448 0 1 1 192 0 0 0
192 0 0 0 192 0 0 0 192 0 0 0 192 0 0 0 192 0 0 0 448 0 1 1 192 0 0 0 448 0 1 1 192 0 0 0 192 0 0 0 192 0 0 0 192 0 0 0 192 0 0 0 192 0 0 0 448 0 1 1 192 0 0 0 192 0 0 0 192 0 0 0 448 0 1 1 192 0 0 0 192 0 0 0 448 0 1 1 192 0 0 0 192 0 0 0 448 0 1 1 448 0 1 1 448 0 1 1 448 0 1 1 448 0 1 1 448 0 1 1 448 0 1 1 192 0 0 0 448 0 1 1 192 0 0 0 448 0 1 1 192 0 0 0 192 0 0 0 192 0 0 0 192 0 0 0 448 0 1 1 448 0 1 1 448 0 1 1 448 0 1 1 192 0 0 0 192 0 0 0 192 0 0 0 192 0 0 0 192 0 0 0 448 0 1 1 192 0 0 0 192 0 0 0 192 0 0 0 192 0 0 0 448 0 1 1 192 0 0 0 448 0 1 1 192 0 0 0 448 0 1 1 448 0 1 1 448 0 1 1 448 0 1 1 448 0 1 1 448 0 1 1 448 0 1 1 192 0 0 0
192 0 0 0 192 0 0 0 448 0 1 1 448 0 1 1 448 0 1 1 448 0 1 1 192 0 0 0 448 0 1 1 448 0 1 1 448 0 1 1 448 0 1 1 448 0 1 1 192 0 0 0 192 0 0 0 448 0 1 1 448 0 1 1 448 0 1 1 448 0 1 1 448 0 1 1 192 0 0 0 192 0 0 0 448 0 1 1 192 0 0 0 192 0 0 0 192 0 0 0 192 0 0 0 192 0 0 0 192 0 0 0 192 0 0 0 192 0 0 0 192 0 0 0 192 0 0 0 448 0 1 1 192 0 0 0 448 0 1 1 192 0 0 0 192 0 0 0 192 0 0 0 192 0 0 0 192 0 0 0 192 0 0 0 192 0 0 0 448 0 1 1 192 0 0 0 192 0 0 0 192 0 0 0 192 0 0 0 192 0 0 0 448 0 1 1 192 0 0 0 192 0 0 0 192 0 0 0 192 0 0 0 448 0 1 1 192 0 0 0 448 0 1 1 192 0 0 0 192 0 0 0 192 0 0 0 192 0 0 0 192 0 0 0 448 0 1 1 192 0 0 0 192 0 0 0 192 0 0 0
192 0 0 0 192 0 0 0 192 0 0 0 192 0 0 0 448 0 1 1 192 0 0 0 192 0 0 0 448 0 1 1 192 0 0 0 192 0 0 0 448 0 1 1 192 0 0 0 192 0 0 0 192 0 0 0 448 0 1 1 192 0 0 0 192 0 0 0 192 0 0 0 448 0 1 1 192 0 0 0 192 0 0 0 448 0 1 1 192 0 0 0 192 0 0 0 448 0 1 1 192 0 0 0 448 0 1 1 192 0 0 0 192 0 0 0 192 0 0 0 192 0 0 0 192 0 0 0 448 0 1 1 192 0 0 0 192 0 0 0 192 0 0 0 192 0 0 0 448 0 1 1 192 0 0 0 192 0 0 0 192 0 0 0 192 0 0 0 448 0 1 1 448 0 1 1 448 0 1 1 448 0 1 1 448 0 1 1 192 0 0 0 448 0 1 1 448 0 1 1 448 0 1 1 448 0 1 1 192 0 0 0 448 0 1 1 192 0 0 0 448 0 1 1 192 0 0 0 192 0 0 0 192 0 0 0 448 0 1 1 192 0 0 0 448 0 1 1 192 0 0 0 192 0 0 0 192 0 0 0
192 0 0 0 192 0 0 0 192 0 0 0 192 0 0 0 448 0 1 1 448 0 1 1 448 0 1 1 448 0 1 1 192 0 0 0 192 0 0 0 448 0 1 1 192 0 0 0 192 0 0 0 192 0 0 0 448 0 1 1 192 0 0 0 192 0 0 0 192 0 0 0 448 0 1 1 192 0 0 0 192 0 0 0 448 0 1 1 192 0 0 0 192 0 0 0 448 0 1 1 192 0 0 0 448 0 1 1 192 0 0 0 192 0 0 0 192 0 0 0 192 0 0 0 192 0 0 0 448 0 1 1 192 0 0 0 192 0 0 0 192 0 0 0 192 0 0 0 448 0 1 1 192 0 0 0 192 0 0 0 192 0 0 0 192 0 0 0 448 0 1 1 192 0 0 0 192 0 0 0 192 0 0 0 448 0 1 1 192 0 0 0 448 0 1 1 192 0 0 0 192 0 0 0 448 0 1 1 192 0 0 0 448 0 1 1 448 0 1 1 448 0 1 1 192 0 0 0 448 0 1 1 448 0 1 1 448 0 1 1 192 0 0 0 448 0 1 1 448 0 1 1 448 0 1 1 192 0 0 0
192 0 0 0 192 0 0 0 448 0 1 1 448 0 1 1 448 0 1 1 192 0 0 0 192 0 0 0 192 0 0 0 192 0 0 0 192 0 0 0 448 0 1 1 192 0 0 0 448 0 1 1 448 0 1 1 448 0 1 1 192 0 0 0 192 0 0 0 192 0 0 0 448 0 1 1 448 0 1 1 192 0 0 0 448 0 1 1 192 0 0 0 192 0 0 0 448 0 1 1 192 0 0 0 448 0 1 1 448 0 1 1 448 0 1 1 448 0 1 1 448 0 1 1 448 0 1 1 448 0 1 1 448 0 1 1 448 0 1 1 448 0 1 1 192 0 0 0 448 0 1 1 448 0 1 1 448 0 1 1 448 0 1 1 448 0 1 1 448 0 1 1 192 0 0 0 192 0 0 0 192 0 0 0 448 0 1 1 192 0 0 0 448 0 1 1 192 0 0 0 192 0 0 0 448 0 1 1 192 0 0 0 448 0 1 1 192 0 0 0 192 0 0 0 192 0 0 0 192 0 0 0 192 0 0 0 448 0 1 1 192 0 0 0 192 0 0 0 192 0 0 0 192 0 0 0 192 0 0 0
192 0 0 0 192 0 0 0 448 0 1 1 192 0 0 0 192 0 0 0 192 0 0 0 192 0 0 0 192 0 0 0 192 0 0 0 192 0 0 0 448 0 1 1 192 0 0 0 192 0 0 0 192 0 0 0 448 0 1 1 192 0 0 0 192 0 0 0 192 0 0 0 448 0 1 1 192 0 0 0 192 0 0 0 448 0 1 1 448 0 1 1 192 0 0 0 448 0 1 1 192 0 0 0 192 0 0 0 192 0 0 0 192 0 0 0 448 0 1 1 192 0 0 0 192 0 0 0 448 0 1 1 192 0 0 0 192 0 0 0 192 0 0 0 192 0 0 0 192 0 0 0 192 0 0 0 192 0 0 0 192 0 0 0 192 0 0 0 448 0 1 1 192 0 0 0 192 0 0 0 192 0 0 0 448 0 1 1 192 0 0 0 192 0 0 0 192 0 0 0 192 0 0 0 448 0 1 1 192 0 0 0 448 0 1 1 192 0 0 0 192 0 0 0 448 0 1 1 448 0 1 1 448 0 1 1 448 0 1 1 448 0 1 1 448 0 1 1 448 0 1 1 192 0 0 0 192 0 0 0
192 0 0 0 192 0 0 0 448 0 1 1 192 0 0 0 192 0 0 0 448 0 1 1 448 0 1 1 448 0 1 1 448 0 1 1 448 0 1 1 448 0 1 1 192 0 0 0 192 0 0 0 192 0 0 0 448 0 1 1 192 0 0 0 448 0 1 1 192 0 0 0 448 0 1 1 192 0 0 0 192 0 0 0 448 0 1 1 192 0 0 0 192 0 0 0 448 0 1 1 192 0 0 0 192 0 0 0 192 0 0 0 192 0 0 0 448 0 1 1 192 0 0 0 192 0 0 0 448 0 1 1 192 0 0 0 192 0 0 0 192 0 0 0 192 0 0 0 192 0 0 0 192 0 0 0 192 0 0 0 192 0 0 0 192 0 0 0 448 0 1 1 192 0 0 0 192 0 0 0 448 0 1 1 448 0 1 1 448 0 1 1 448 0 1 1 448 0 1 1 448 0 1 1 448 0 1 1 192 0 0 0 448 0 1 1 192 0 0 0 192 0 0 0 448 0 1 1 192 0 0 0 192 0 0 0 448 0 1 1 192 0 0 0 192 0 0 0 448 0 1 1 192 0 0 0 192 0 0 0
192 0 0 0 192 0 0 0 448 0 1 1 192 0 0 0 192 0 0 0 192 0 0 0 192 0 0 0 192 0 0 0 192 0 0 0 192 0 0 0 448 0 1 1 192 0 0 0 192 0 0 0 192 0 0 0 448 0 1 1 192 0 0 0 448 0 1 1 192 0 0 0 192 0 0 0 192 0 0 0 192 0 0 0 192 0 0 0 192 0 0 0 192 0 0 0 448 0 1 1 192 0 0 0 448 0 1 1 192 0 0 0 192 0 0 0 448 0 1 1 192 0 0 0 192 0 0 0 448 0 1 1 448 0 1 1 448 0 1 1 448 0 1 1 448 0 1 1 448 0 1 1 448 0 1 1 448 0 1 1 192 0 0 0 192 0 0 0 448 0 1 1 192 0 0 0 192 0 0 0 448 0 1 1 192 0 0 0 192 0 0 0 192 0 0 0 192 0 0 0 192 0 0 0 192 0 0 0 192 0 0 0 448 0 1 1 192 0 0 0 192 0 0 0 448 0 1 1 192 0 0 0 192 0 0 0 448 0 1 1 192 0 0 0 192 0 0 0 448 0 1 1 448 0 1 1 192 0 0 0
192 0 0 0 192 0 0 0 448 0 1 1 448 0 1 1 448 0 1 1 448 0 1 1 448 0 1 1 192 0 0 0 448 0 1 1 192 0 0 0 448 0 1 1 192 0 0 0 192 0 0 0 192 0 0 0 448 0 1 1 192 0 0 0 448 0 1 1 192 0 0 0 192 0 0 0 192 0 0 0 448 0 1 1 192 0 0 0 192 0 0 0 192 0 0 0 448 0 1 1 192 0 0 0 448 0 1 1 192 0 0 0 192 0 0 0 448 0 1 1 192 0 0 0 192 0 0 0 192 0 0 0 192 0 0 0 448 0 1 1 192 0 0 0 192 0 0 0 192 0 0 0 192 0 0 0 192 0 0 0 192 0 0 0 192 0 0 0 448 0 1 1 192 0 0 0 192 0 0 0 192 0 0 0 192 0 0 0 192 0 0 0 192 0 0 0 192 0 0 0 192 0 0 0 192 0 0 0 192 0 0 0 448 0 1 1 192 0 0 0 448 0 1 1 448 0 1 1 192 0 0 0 192 0 0 0 192 0 0 0 192 0 0 0 192 0 0 0 192 0 0 0 192 0 0 0 192 0 0 0
192 0 0 0 192 0 0 0 448 0 1 1 192 0 0 0 448 0 1 1 192 0 0 0 192 0 0 0 192 0 0 0 448 0 1 1 192 0 0 0 192 0 0 0 192 0 0 0 448 0 1 1 448 0 1 1 448 0 1 1 192 0 0 0 448 0 1 1 448 0 1 1 192 0 0 0 192 0 0 0 448 0 1 1 192 0 0 0 192 0 0 0 192 0 0 0 448 0 1 1 192 0 0 0 448 0 1 1 448 0 1 1 448 0 1 1 448 0 1 1 448 0 1 1 448 0 1 1 192 0 0 0 192 0 0 0 448 0 1 1 192 0 0 0 192 0 0 0 192 0 0 0 192 0 0 0 192 0 0 0 448 0 1 1 448 0 1 1 448 0 1 1 192 0 0 0 192 0 0 0 448 0 1 1 192 0 0 0 192 0 0 0 192 0 0 0 448 0 1 1 448 0 1 1 448 0 1 1 448 0 1 1 448 0 1 1 192 0 0 0 192 0 0 0 448 0 1 1 448 0 1 1 448 0 1 1 448 0 1 1 448 0 1 1 448 0 1 1 448 0 1 1 448 0 1 1 192 0 0 0
192 0 0 0 192 0 0 0 448 0 1 1 192 0 0 0 448 0 1 1 192 0 0 0 192 0 0 0 192 0 0 0 448 0 1 1 192 0 0 0 192 0 0 0 192 0 0 0 448 0 1 1 192 0 0 0 192 0 0 0 192 0 0 0 192 0 0 0 448 0 1 1 448 0 1 1 448 0 1 1 448 0 1 1 448 0 1 1 448 0 1 1 448 0 1 1 448 0 1 1 192 0 0 0 448 0 1 1 192 0 0 0 192 0 0 0 192 0 0 0 192 0 0 0 192 0 0 0 192 0 0 0 192 0 0 0 448 0 1 1 192 0 0 0 448 0 1 1 192 0 0 0 192 0 0 0 192 0 0 0 448 0 1 1 192 0 0 0 192 0 0 0 192 0 0 0 192 0 0 0 448 0 1 1 192 0 0 0 192 0 0 0 192 0 0 0 448 0 1 1 192 0 0 0 192 0 0 0 192 0 0 0 192 0 0 0 192 0 0 0 192 0 0 0 192 0 0 0 192 0 0 0 192 0 0 0 192 0 0 0 448 0 1 1 192 0 0 0 192 0 0 0 192 0 0 0 192 0 0 0
192 0 0 0 192 0 0 0 448 0 1 1 192 0 0 0 448 0 1 1 192 0 0 0 192 0 0 0 192 0 0 0 448 0 1 1 192 0 0 0 192 0 0 0 192 0 0 0 448 0 1 1 192 0 0 0 192 0 0 0 192 0 0 0 192 0 0 0 448 0 1 1 192 0 0 0 192 0 0 0 192 0 0 0 192 0 0 0 192 0 0 0 192 0 0 0 192 0 0 0 192 0 0 0 448 0 1 1 192 0 0 0 192 0 0 0 192 0 0 0 192 0 0 0 448 0 1 1 192 0 0 0 192 0 0 0 448 0 1 1 192 0 0 0 448 0 1 1 192 0 0 0 192 0 0 0 192 0 0 0 448 0 1 1 192 0 0 0 192 0 0 0 192 0 0 0 192 0 0 0 448 0 1 1 448 0 1 1 448 0 1 1 448 0 1 1 448 0 1 1 448 0 1 1 192 0 0 0 448 0 1 1 448 0 1 1 448 0 1 1 192 0 0 0 192 0 0 0 192 0 0 0 448 0 1 1 448 0 1 1 448 0 1 1 192 0 0 0 448 0 1 1 448 0 1 1 448 0 1 1
192 0 0 0 192 0 0 0 448 0 1 1 192 0 0 0 448 0 1 1 448 0 1 1 192 0 0 0 448 0 1 1 448 0 1 1 448 0 1 1 448 0 1 1 448 0 1 1 448 0 1 1 448 0 1 1 448 0 1 1 448 0 1 1 448 0 1 1 448 0 1 1 448 0 1 1 192 0 0 0 448 0 1 1 448 0 1 1 448 0 1 1 448 0 1 1 448 0 1 1 448 0 1 1 448 0 1 1 448 0 1 1 192 0 0 0 192 0 0 0 192 0 0 0 448 0 1 1 192 0 0 0 192 0 0 0 448 0 1 1 448 0 1 1 448 0 1 1 448 0 1 1 448 0 1 1 448 0 1 1 448 0 1 1 448 0 1 1 448 0 1 1 192 0 0 0 192 0 0 0 448 0 1 1 192 0 0 0 192 0 0 0 192 0 0 0 192 0 0 0 192 0 0 0 192 0 0 0 192 0 0 0 192 0 0 0 448 0 1 1 448 0 1 1 448 0 1 1 192 0 0 0 448 0 1 1 192 0 0 0 192 0 0 0 192 0 0 0 448 0 1 1 192 0 0 0 192 0 0 0
192 0 0 0 192 0 0 0 448 0 1 1 192 0 0 0 448 0 1 1 192 0 0 0 192 0 0 0 192 0 0 0 192 0 0 0 192 0 0 0 192 0 0 0 192 0 0 0 192 0 0 0 192 0 0 0 192 0 0 0 448 0 1 1 192 0 0 0 192 0 0 0 192 0 0 0 192 0 0 0 192 0 0 0 192 0 0 0 192 0 0 0 448 0 1 1 192 0 0 0 192 0 0 0 448 0 1 1 192 0 0 0 192 0 0 0 192 0 0 0 192 0 0 0 448 0 1 1 192 0 0 0 192 0 0 0 192 0 0 0 192 0 0 0 192 0 0 0 448 0 1 1 192 0 0 0 192 0 0 0 192 0 0 0 192 0 0 0 192 0 0 0 192 0 0 0 192 0 0 0 448 0 1 1 192 0 0 0 448 0 1 1 448 0 1 1 448 0 1 1 448 0 1 1 448 0 1 1 192 0 0 0 192 0 0 0 448 0 1 1 192 0 0 0 192 0 0 0 192 0 0 0 448 0 1 1 192 0 0 0 192 0 0 0 192 0 0 0 448 0 1 1 192 0 0 0 192 0 0 0
192 0 0 0 192 0 0 0 448 0 1 1 192 0 0 0 448 0 1 1 192 0 0 0 192 0 0 0 192 0 0 0 192 0 0 0 192 0 0 0 192 0 0 0 192 0 0 0 192 0 0 0 192 0 0 0 192 0 0 0 192 0 0 0 192 0 0 0 192 0 0 0 192 0 0 0 192 0 0 0 192 0 0 0 192 0 0 0 192 0 0 0 448 0 1 1 192 0 0 0 192 0 0 0 448 0 1 1 448 0 1 1 448 0 1 1 448 0 1 1 448 0 1 1 448 0 1 1 448 0 1 1 448 0 1 1 448 0 1 1 192 0 0 0 192 0 0 0 448 0 1 1 192 0 0 0 192 0 0 0 448 0 1 1 192 0 0 0 192 0 0 0 192 0 0 0 192 0 0 0 448 0 1 1 192 0 0 0 448 0 1 1 192 0 0 0 192 0 0 0 192 0 0 0 448 0 1 1 192 0 0 0 192 0 0 0 448 0 1 1 192 0 0 0 192 0 0 0 192 0 0 0 448 0 1 1 448 0 1 1 448 0 1 1 448 0 1 1 448 0 1 1 192 0 0 0 192 0 0 0
192 0 0 0 192 0 0 0 448 0 1 1 192 0 0 0 448 0 1 1 448 0 1 1 448 0 1 1 448 0 1 1 448 0 1 1 448 0 1 1 448 0 1 1 448 0 1 1 192 0 0 0 448 0 1 1 448 0 1 1 448 0 1 1 448 0 1 1 448 0 1 1 448 0 1 1 192 0 0 0 192 0 0 0 192 0 0 0 192 0 0 0 192 0 0 0 192 0 0 0 192 0 0 0 192 0 0 0 192 0 0 0 192 0 0 0 192 0 0 0 192 0 0 0 192 0 0 0 192 0 0 0 192 0 0 0 192 0 0 0 192 0 0 0 192 0 0 0 448 0 1 1 448 0 1 1 448 0 1 1 448 0 1 1 448 0 1 1 448 0 1 1 448 0 1 1 192 0 0 0 448 0 1 1 192 0 0 0 448 0 1 1 192 0 0 0 192 0 0 0 192 0 0 0 448 0 1 1 192 0 0 0 192 0 0 0 448 0 1 1 192 0 0 0 192 0 0 0 192 0 0 0 192 0 0 0 192 0 0 0 192 0 0 0 192 0 0 0 192 0 0 0 192 0 0 0 192 0 0 0
192 0 0 0 192 0 0 0 448 0 1 1 192 0 0 0 448 0 1 1 192 0 0 0 192 0 0 0 192 0 0 0 192 0 0 0 192 0 0 0 448 0 1 1 192 0 0 0 192 0 0 0 192 0 0 0 192 0 0 0 448 0 1 1 192 0 0 0 192 0 0 0 448 0 1 1 192 0 0 0 448 0 1 1 448 0 1 1 448 0 1 1 448 0 1 1 448 0 1 1 448 0 1 1 448 0 1 1 448 0 1 1 448 0 1 1 448 0 1 1 448 0 1 1 448 0 1 1 448 0 1 1 192 0 0 0 192 0 0 0 448 0 1 1 448 0 1 1 448 0 1 1 192 0 0 0 448 0 1 1 192 0 0 0 192 0 0 0 192 0 0 0 192 0 0 0 192 0 0 0 192 0 0 0 192 0 0 0 448 0 1 1 192 0 0 0 192 0 0 0 192 0 0 0 448 0 1 1 192 0 0 0 192 0 0 0 448 0 1 1 448 0 1 1 448 0 1 1 448 0 1 1 448 0 1 1 448 0 1 1 448 0 1 1 448 0 1 1 448 0 1 1 448 0 1 1 192 0 0 0
192 0 0 0 192 0 0 0 448 0 1 1 192 0 0 0 448 0 1 1 192 0 0 0 192 0 0 0 192 0 0 0 192 0 0 0 192 0 0 0 448 0 1 1 192 0 0 0 192 0 0 0 192 0 0 0 192 0 0 0 448 0 1 1 192 0 0 0 448 0 1 1 448 0 1 1 192 0 0 0 448 0 1 1 192 0 0 0 192 0 0 0 192 0 0 0 192 0 0 0 192 0 0 0 448 0 1 1 192 0 0 0 192 0 0 0 192 0 0 0 192 0 0 0 192 0 0 0 192 0 0 0 192 0 0 0 192 0 0 0 192 0 0 0 192 0 0 0 192 0 0 0 192 0 0 0 448 0 1 1 192 0 0 0 192 0 0 0 192 0 0 0 192 0 0 0 192 0 0 0 192 0 0 0 192 0 0 0 448 0 1 1 192 0 0 0 192 0 0 0 192 0 0 0 448 0 1 1 192 0 0 0 192 0 0 0 192 0 0 0 192 0 0 0 448 0 1 1 192 0 0 0 192 0 0 0 192 0 0 0 192 0 0 0 192 0 0 0 192 0 0 0 192 0 0 0 192 0 0 0
192 0 0 0 192 0 0 0 448 0 1 1 192 0 0 0 448 0 1 1 192 0 0 0 448 0 1 1 192 0 0 0 448 0 1 1 448 0 1 1 448 0 1 1 192 0 0 0 448 0 1 1 448 0 1 1 448 0 1 1 448 0 1 1 192 0 0 0 192 0 0 0 192 0 0 0 192 0 0 0 192 0 0 0 192 0 0 0 192 0 0 0 192 0 0 0 192 0 0 0 192 0 0 0 448 0 1 1 192 0 0 0 192 0 0 0 448 0 1 1 192 0 0 0 192 0 0 0 192 0 0 0 192 0 0 0 192 0 0 0 448 0 1 1 192 0 0 0 192 0 0 0 448 0 1 1 448 0 1 1 192 0 0 0 448 0 1 1 448 0 1 1 448 0 1 1 448 0 1 1 448 0 1 1 448 0 1 1 448 0 1 1 448 0 1 1 448 0 1 1 192 0 0 0 448 0 1 1 448 0 1 1 448 0 1 1 448 0 1 1 448 0 1 1 448 0 1 1 448 0 1 1 192 0 0 0 448 0 1 1 448 0 1 1 448 0 1 1 192 0 0 0 448 0 1 1 192 0 0 0
192 0 0 0 192 0 0 0 448 0 1 1 192 0 0 0 192 0 0 0 192 0 0 0 448 0 1 1 192 0 0 0 192 0 0 0 192 0 0 0 448 0 1 1 192 0 0 0 448 0 1 1 192 0 0 0 192 0 0 0 448 0 1 1 192 0 0 0 192 0 0 0 192 0 0 0 192 0 0 0 448 0 1 1 192 0 0 0 192 0 0 0 192 0 0 0 192 0 0 0 192 0 0 0 192 0 0 0 192 0 0 0 192 0 0 0 448 0 1 1 192 0 0 0 192 0 0 0 192 0 0 0 192 0 0 0 192 0 0 0 448 0 1 1 192 0 0 0 192 0 0 0 448 0 1 1 192 0 0 0 192 0 0 0 448 0 1 1 192 0 0 0 192 0 0 0 192 0 0 0 192 0 0 0 192 0 0 0 192 0 0 0 192 0 0 0 192 0 0 0 192 0 0 0 192 0 0 0 192 0 0 0 192 0 0 0 192 0 0 0 192 0 0 0 192 0 0 0 192 0 0 0 192 0 0 0 192 0 0 0 192 0 0 0 448 0 1 1 192 0 0 0 448 0 1 1 192 0 0 0
192 0 0 0 192 0 0 0 448 0 1 1 192 0 0 0 192 0 0 0 192 0 0 0 448 0 1 1 192 0 0 0 192 0 0 0 192 0 0 0 448 0 1 1 192 0 0 0 448 0 1 1 192 0 0 0 192 0 0 0 448 0 1 1 448 0 1 1 448 0 1 1 448 0 1 1 448 0 1 1 448 0 1 1 448 0 1 1 192 0 0 0 448 0 1 1 448 0 1 1 448 0 1 1 448 0 1 1 448 0 1 1 448 0 1 1 448 0 1 1 448 0 1 1 448 0 1 1 448 0 1 1 448 0 1 1 192 0 0 0 448 0 1 1 448 0 1 1 448 0 1 1 448 0 1 1 192 0 0 0 192 0 0 0 448 0 1 1 192 0 0 0 192 0 0 0 448 0 1 1 448 0 1 1 448 0 1 1 448 0 1 1 448 0 1 1 448 0 1 1 448 0 1 1 448 0 1 1 448 0 1 1 448 0 1 1 448 0 1 1 448 0 1 1 448 0 1 1 448 0 1 1 448 0 1 1 448 0 1 1 448 0 1 1 448 0 1 1 448 0 1 1 448 0 1 1 192 0 0 0
192 0 0 0 192 0 0 0 448 0 1 1 192 0 0 0 192 0 0 0 192 0 0 0 448 0 1 1 192 0 0 0 192 0 0 0 192 0 0 0 192 0 0 0 192 0 0 0 448 0 1 1 192 0 0 0 192 0 0 0 192 0 0 0 192 0 0 0 448 0 1 1 192 0 0 0 192 0 0 0 192 0 0 0 192 0 0 0 192 0 0 0 192 0 0 0 192 0 0 0 448 0 1 1 192 0 0 0 192 0 0 0 192 0 0 0 192 0 0 0 192 0 0 0 192 0 0 0 192 0 0 0 192 0 0 0 192 0 0 0 192 0 0 0 448 0 1 1 192 0 0 0 192 0 0 0 192 0 0 0 192 0 0 0 448 0 1 1 192 0 0 0 192 0 0 0 192 0 0 0 192 0 0 0 192 0 0 0 192 0 0 0 192 0 0 0 192 0 0 0 448 0 1 1 192 0 0 0 192 0 0 0 192 0 0 0 192 0 0 0 192 0 0 0 192 0 0 0 192 0 0 0 192 0 0 0 192 0 0 0 192 0 0 0 192 0 0 0 192 0 0 0 448 0 1 1 192 0 0 0
192 0 0 0 192 0 0 0 448 0 1 1 192 0 0 0 448 0 1 1 448 0 1 1 448 0 1 1 192 0 0 0 192 0 0 0 192 0 0 0 192 0 0 0 192 0 0 0 192 0 0 0 192 0 0 0 192 0 0 0 192 0 0 0 192 0 0 0 448 0 1 1 192 0 0 0 192 0 0 0 448 0 1 1 192 0 0 0 192 0 0 0 192 0 0 0 192 0 0 0 448 0 1 1 192 0 0 0 192 0 0 0 448 0 1 1 192 0 0 0 192 0 0 0 448 0 1 1 192 0 0 0 192 0 0 0 192 0 0 0 192 0 0 0 448 0 1 1 192 0 0 0 192 0 0 0 192 0 0 0 192 0 0 0 448 0 1 1 448 0 1 1 448 0 1 1 448 0 1 1 448 0 1 1 448 0 1 1 448 0 1 1 448 0 1 1 192 0 0 0 448 0 1 1 448 0 1 1 448 0 1 1 192 0 0 0 448 0 1 1 448 0 1 1 448 0 1 1 192 0 0 0 448 0 1 1 448 0 1 1 448 0 1 1 448 0 1 1 448 0 1 1 448 0 1 1 448 0 1 1
192 0 0 0 192 0 0 0 448 0 1 1 192 0 0 0 192 0 0 0 192 0 0 0 448 0 1 1 448 0 1 1 448 0 1 1 448 0 1 1 448 0 1 1 448 0 1 1 448 0 1 1 448 0 1 1 448 0 1 1 192 0 0 0 192 0 0 0 448 0 1 1 192 0 0 0 192 0 0 0 448 0 1 1 192 0 0 0 192 0 0 0 192 0 0 0 192 0 0 0 448 0 1 1 192 0 0 0 192 0 0 0 448 0 1 1 192 0 0 0 192 0 0 0 448 0 1 1 192 0 0 0 192 0 0 0 192 0 0 0 192 0 0 0 448 0 1 1 192 0 0 0 192 0 0 0 192 0 0 0 192 0 0 0 448 0 1 1 192 0 0 0 192 0 0 0 192 0 0 0 192 0 0 0 192 0 0 0 192 0 0 0 192 0 0 0 192 0 0 0 192 0 0 0 448 0 1 1 192 0 0 0 192 0 0 0 448 0 1 1 192 0 0 0 192 0 0 0 192 0 0 0 192 0 0 0 192 0 0 0 192 0 0 0 192 0 0 0 192 0 0 0 192 0 0 0 448 0 1 1
192 0 0 0 192 0 0 0 448 0 1 1 192 0 0 0 192 0 0 0 192 0 0 0 192 0 0 0 192 0 0 0 192 0 0 0 192 0 0 0 192 0 0 0 192 0 0 0 448 0 1 1 192 0 0 0 192 0 0 0 192 0 0 0 192 0 0 0 448 0 1 1 448 0 1 1 448 0 1 1 448 0 1 1 448 0 1 1 448 0 1 1 448 0 1 1 192 0 0 0 448 0 1 1 448 0 1 1 192 0 0 0 448 0 1 1 448 0 1 1 448 0 1 1 448 0 1 1 448 0 1 1 448 0 1 1 448 0 1 1 448 0 1 1 448 0 1 1 448 0 1 1 448 0 1 1 192 0 0 0 448 0 1 1 448 0 1 1 448 0 1 1 448 0 1 1 448 0 1 1 448 0 1 1 448 0 1 1 448 0 1 1 448 0 1 1 192 0 0 0 192 0 0 0 448 0 1 1 192 0 0 0 192 0 0 0 448 0 1 1 192 0 0 0 192 0 0 0 192 0 0 0 448 0 1 1 448 0 1 1 448 0 1 1 448 0 1 1 448 0 1 1 192 0 0 0 448 0 1 1
192 0 0 0 192 0 0 0 448 0 1 1 448 0 1 1 448 0 1 1 448 0 1 1 448 0 1 1 448 0 1 1 192 0 0 0 192 0 0 0 192 0 0 0 192 0 0 0 448 0 1 1 192 0 0 0 192 0 0 0 192 0 0 0 192 0 0 0 192 0 0 0 192 0 0 0 192 0 0 0 192 0 0 0 192 0 0 0 192 0 0 0 192 0 0 0 192 0 0 0 448 0 1 1 192 0 0 0 192 0 0 0 192 0 0 0 192 0 0 0 192 0 0 0 192 0 0 0 192 0 0 0 192 0 0 0 192 0 0 0 192 0 0 0 192 0 0 0 192 0 0 0 192 0 0 0 192 0 0 0 192 0 0 0 192 0 0 0 192 0 0 0 192 0 0 0 192 0 0 0 192 0 0 0 192 0 0 0 192 0 0 0 448 0 1 1 192 0 0 0 448 0 1 1 448 0 1 1 192 0 0 0 192 0 0 0 448 0 1 1 192 0 0 0 192 0 0 0 192 0 0 0 448 0 1 1 192 0 0 0 192 0 0 0 192 0 0 0 192 0 0 0 192 0 0 0 384 0 2 1
192 0 0 0 192 0 0 0 192 0 0 0 192 0 0 0 192 0 0 0 192 0 0 0 192 0 0 0 192 0 0 0 192 0 0 0 192 0 0 0 192 0 0 0 192 0 0 0 192 0 0 0 192 0 0 0 192 0 0 0 192 0 0 0 192 0 0 0 192 0 0 0 192 0 0 0 192 0 0 0 192 0 0 0 192 0 0 0 192 0 0 0 192 0 0 0 192 0 0 0 448 0 1 1 192 0 0 0 192 0 0 0 192 0 0 0 192 0 0 0 192 0 0 0 448 0 1 1 192 0 0 0 192 0 0 0 192 0 0 0 192 0 0 0 192 0 0 0 192 0 0 0 192 0 0 0 192 0 0 0 192 0 0 0 192 0 0 0 192 0 0 0 192 0 0 0 192 0 0 0 192 0 0 0 192 0 0 0 192 0 0 0 448 0 1 1 192 0 0 0 192 0 0 0 192 0 0 0 192 0 0 0 448 0 1 1 448 0 1 1 448 0 1 1 448 0 1 1 448 0 1 1 448 0 1 1 448 0 1 1 448 0 1 1 448 0 1 1 448 0 1 1 448 0 1 1 448 0 1 1