64
60 60
1
Resourses//firstlevel.png
128 0 0 0 128 0 0 0 128 0 0 0 64 0 1 1 128 0 0 0 128 0 0 0 128 0 0 0 128 0 0 0 128 0 0 0 128 0 0 0 128 0 0 0 128 0 0 0 128 0 0 0 128 0 0 0 128 0 0 0 128 0 0 0 128 0 0 0 128 0 0 0 128 0 0 0 128 0 0 0 128 0 0 0 128 0 0 0 128 0 0 0 128 0 0 0 128 0 0 0 128 0 0 0 128 0 0 0 128 0 0 0 128 0 0 0 128 0 0 0 128 0 0 0 128 0 0 0 128 0 0 0 128 0 0 0 128 0 0 0 128 0 0 0 128 0 0 0 128 0 0 0 128 0 0 0 128 0 0 0 128 0 0 0 128 0 0 0 128 0 0 0 128 0 0 0 128 0 0 0 128 0 0 0 128 0 0 0 128 0 0 0 128 0 0 0 128 0 0 0 128 0 0 0 128 0 0 0 128 0 0 0 128 0 0 0 128 0 0 0 128 0 0 0 128 0 0 0 128 0 0 0 128 0 0 0 128 0 0 0
128 0 0 0 128 0 0 0 128 0 0 0 64 0 1 1 64 0 1 1 64 0 1 1 64 0 1 1 64 0 1 1 64 0 1 1 64 0 1 1 64 0 1 1 64 0 1 1 64 0 1 1 64 0 1 1 64 0 1 1 64 0 1 1 64 0 1 1 64 0 1 1 64 0 1 1 64 0 1 1 64 0 1 1 64 0 1 1 64 0 1 1 64 0 1 1 64 0 1 1 64 0 1 1 64 0 1 1 64 0 1 1 64 0 1 1 64 0 1 1 64 0 1 1 64 0 1 1 64 0 1 1 64 0 1 1 64 0 1 1 64 0 1 1 64 0 1 1 64 0 1 1 64 0 1 1 64 0 1 1 64 0 1 1 64 0 1 1 64 0 1 1 64 0 1 1 64 0 1 1 64 0 1 1 64 0 1 1 64 0 1 1 64 0 1 1 64 0 1 1 64 0 1 1 64 0 1 1 64 0 1 1 64 0 1 1 64 0 1 1 64 0 1 1 64 0 1 1 64 0 1 1 64 0 1 1 128 0 0 0
128 0 0 0 128 0 0 0 128 0 0 0 128 0 0 0 128 0 0 0 128 0 0 0 64 0 1 1 128 0 0 0 128 0 0 0 128 0 0 0 64 0 1 1 128 0 0 0 128 0 0 0 128 0 0 0 64 0 1 1 128 0 0 0 128 0 0 0 128 0 0 0 128 0 0 0 128 0 0 0 128 0 0 0 64 0 1 1 128 0 0 0 64 0 1 1 128 0 0 0 128 0 0 0 128 0 0 0 128 0 0 0 128 0 0 0 128 0 0 0 128 0 0 0 128 0 0 0 128 0 0 0 64 0 1 1 128 0 0 0 64 0 1 1 128 0 0 0 128 0 0 0 128 0 0 0 64 0 1 1 128 0 0 0 128 0 0 0 128 0 0 0 128 0 0 0 128 0 0 0 128 0 0 0 128 0 0 0 128 0 0 0 64 0 1 1 128 0 0 0 128 0 0 0 128 0 0 0 128 0 0 0 64 0 1 1 128 0 0 0 128 0 0 0 128 0 0 0 128 0 0 0 64 0 1 1 128 0 0 0
64 0 1 1 64 0 1 1 128 0 0 0 64 0 1 1 128 0 0 0 128 0 0 0 64 0 1 1 128 0 0 0 64 0 1 1 128 0 0 0 64 0 1 1 128 0 0 0 128 0 0 0 128 0 0 0 64 0 1 1 128 0 0 0 128 0 0 0 64 0 1 1 64 0 1 1 64 0 1 1 128 0 0 0 64 0 1 1 128 0 0 0 64 0 1 1 128 0 0 0 64 0 1 1 64 0 1 1 64 0 1 1 64 0 1 1 64 0 1 1 64 0 1 1 64 0 1 1 128 0 0 0 64 0 1 1 128 0 0 0 64 0 1 1 128 0 0 0 128 0 0 0 128 0 0 0 64 0 1 1 128 0 0 0 64 0 1 1 64 0 1 1 64 0 1 1 64 0 1 1 64 0 1 1 64 0 1 1 128 0 0 0 64 0 1 1 64 0 1 1 128 0 0 0 128 0 0 0 128 0 0 0 64 0 1 1 64 0 1 1 64 0 1 1 64 0 1 1 128 0 0 0 64 0 1 1 128 0 0 0
128 0 0 0 64 0 1 1 128 0 0 0 64 0 1 1 128 0 0 0 128 0 0 0 64 0 1 1 128 0 0 0 64 0 1 1 128 0 0 0 64 0 1 1 128 0 0 0 128 0 0 0 128 0 0 0 128 0 0 0 128 0 0 0 128 0 0 0 128 0 0 0 128 0 0 0 64 0 1 1 128 0 0 0 64 0 1 1 128 0 0 0 64 0 1 1 128 0 0 0 128 0 0 0 128 0 0 0 128 0 0 0 128 0 0 0 128 0 0 0 128 0 0 0 64 0 1 1 128 0 0 0 64 0 1 1 128 0 0 0 64 0 1 1 64 0 1 1 64 0 1 1 128 0 0 0 64 0 1 1 128 0 0 0 128 0 0 0 128 0 0 0 64 0 1 1 128 0 0 0 128 0 0 0 64 0 1 1 128 0 0 0 128 0 0 0 64 0 1 1 128 0 0 0 128 0 0 0 128 0 0 0 128 0 0 0 128 0 0 0 128 0 0 0 128 0 0 0 128 0 0 0 64 0 1 1 128 0 0 0
128 0 0 0 64 0 1 1 128 0 0 0 64 0 1 1 128 0 0 0 128 0 0 0 128 0 0 0 128 0 0 0 64 0 1 1 128 0 0 0 64 0 1 1 64 0 1 1 64 0 1 1 64 0 1 1 64 0 1 1 64 0 1 1 64 0 1 1 64 0 1 1 128 0 0 0 64 0 1 1 128 0 0 0 64 0 1 1 128 0 0 0 64 0 1 1 128 0 0 0 128 0 0 0 128 0 0 0 128 0 0 0 128 0 0 0 128 0 0 0 128 0 0 0 64 0 1 1 128 0 0 0 64 0 1 1 128 0 0 0 128 0 0 0 128 0 0 0 128 0 0 0 128 0 0 0 64 0 1 1 64 0 1 1 128 0 0 0 128 0 0 0 64 0 1 1 128 0 0 0 64 0 1 1 64 0 1 1 64 0 1 1 128 0 0 0 64 0 1 1 128 0 0 0 128 0 0 0 64 0 1 1 64 0 1 1 64 0 1 1 64 0 1 1 64 0 1 1 64 0 1 1 64 0 1 1 128 0 0 0
128 0 0 0 64 0 1 1 128 0 0 0 64 0 1 1 64 0 1 1 64 0 1 1 64 0 1 1 64 0 1 1 64 0 1 1 128 0 0 0 64 0 1 1 128 0 0 0 128 0 0 0 128 0 0 0 128 0 0 0 128 0 0 0 128 0 0 0 64 0 1 1 128 0 0 0 64 0 1 1 128 0 0 0 64 0 1 1 128 0 0 0 64 0 1 1 64 0 1 1 64 0 1 1 64 0 1 1 128 0 0 0 64 0 1 1 128 0 0 0 128 0 0 0 64 0 1 1 128 0 0 0 64 0 1 1 128 0 0 0 128 0 0 0 128 0 0 0 128 0 0 0 128 0 0 0 128 0 0 0 64 0 1 1 128 0 0 0 128 0 0 0 64 0 1 1 128 0 0 0 128 0 0 0 128 0 0 0 128 0 0 0 128 0 0 0 64 0 1 1 128 0 0 0 128 0 0 0 128 0 0 0 128 0 0 0 128 0 0 0 128 0 0 0 128 0 0 0 128 0 0 0 64 0 1 1 128 0 0 0
128 0 0 0 64 0 1 1 128 0 0 0 128 0 0 0 128 0 0 0 128 0 0 0 128 0 0 0 64 0 1 1 128 0 0 0 128 0 0 0 64 0 1 1 128 0 0 0 128 0 0 0 128 0 0 0 128 0 0 0 128 0 0 0 128 0 0 0 64 0 1 1 128 0 0 0 64 0 1 1 128 0 0 0 64 0 1 1 128 0 0 0 128 0 0 0 128 0 0 0 128 0 0 0 128 0 0 0 128 0 0 0 64 0 1 1 128 0 0 0 128 0 0 0 64 0 1 1 128 0 0 0 64 0 1 1 128 0 0 0 128 0 0 0 128 0 0 0 128 0 0 0 128 0 0 0 128 0 0 0 64 0 1 1 128 0 0 0 128 0 0 0 64 0 1 1 64 0 1 1 64 0 1 1 64 0 1 1 64 0 1 1 64 0 1 1 64 0 1 1 64 0 1 1 64 0 1 1 64 0 1 1 64 0 1 1 64 0 1 1 64 0 1 1 128 0 0 0 128 0 0 0 64 0 1 1 128 0 0 0
128 0 0 0 64 0 1 1 128 0 0 0 128 0 0 0 128 0 0 0 128 0 0 0 128 0 0 0 64 0 1 1 128 0 0 0 128 0 0 0 64 0 1 1 64 0 1 1 64 0 1 1 128 0 0 0 128 0 0 0 64 0 1 1 64 0 1 1 64 0 1 1 128 0 0 0 64 0 1 1 128 0 0 0 64 0 1 1 128 0 0 0 128 0 0 0 128 0 0 0 128 0 0 0 128 0 0 0 128 0 0 0 64 0 1 1 128 0 0 0 128 0 0 0 64 0 1 1 128 0 0 0 64 0 1 1 128 0 0 0 128 0 0 0 128 0 0 0 128 0 0 0 128 0 0 0 128 0 0 0 64 0 1 1 128 0 0 0 128 0 0 0 64 0 1 1 128 0 0 0 128 0 0 0 128 0 0 0 128 0 0 0 128 0 0 0 128 0 0 0 128 0 0 0 128 0 0 0 64 0 1 1 128 0 0 0 128 0 0 0 128 0 0 0 128 0 0 0 128 0 0 0 64 0 1 1 128 0 0 0
128 0 0 0 64 0 1 1 64 0 1 1 64 0 1 1 128 0 0 0 64 0 1 1 128 0 0 0 64 0 1 1 128 0 0 0 128 0 0 0 128 0 0 0 128 0 0 0 128 0 0 0 128 0 0 0 128 0 0 0 128 0 0 0 128 0 0 0 64 0 1 1 128 0 0 0 64 0 1 1 64 0 1 1 64 0 1 1 128 0 0 0 128 0 0 0 128 0 0 0 128 0 0 0 128 0 0 0 128 0 0 0 64 0 1 1 128 0 0 0 128 0 0 0 64 0 1 1 128 0 0 0 64 0 1 1 128 0 0 0 128 0 0 0 128 0 0 0 64 0 1 1 64 0 1 1 64 0 1 1 64 0 1 1 128 0 0 0 128 0 0 0 64 0 1 1 128 0 0 0 64 0 1 1 64 0 1 1 64 0 1 1 128 0 0 0 128 0 0 0 128 0 0 0 128 0 0 0 64 0 1 1 64 0 1 1 64 0 1 1 64 0 1 1 128 0 0 0 128 0 0 0 64 0 1 1 128 0 0 0
128 0 0 0 64 0 1 1 128 0 0 0 128 0 0 0 128 0 0 0 64 0 1 1 128 0 0 0 64 0 1 1 128 0 0 0 128 0 0 0 128 0 0 0 128 0 0 0 128 0 0 0 128 0 0 0 64 0 1 1 128 0 0 0 128 0 0 0 64 0 1 1 128 0 0 0 128 0 0 0 128 0 0 0 128 0 0 0 128 0 0 0 128 0 0 0 128 0 0 0 64 0 1 1 64 0 1 1 64 0 1 1 64 0 1 1 64 0 1 1 64 0 1 1 64 0 1 1 128 0 0 0 64 0 1 1 64 0 1 1 64 0 1 1 128 0 0 0 128 0 0 0 128 0 0 0 128 0 0 0 64 0 1 1 128 0 0 0 128 0 0 0 64 0 1 1 128 0 0 0 128 0 0 0 128 0 0 0 64 0 1 1 128 0 0 0 64 0 1 1 128 0 0 0 128 0 0 0 128 0 0 0 128 0 0 0 128 0 0 0 128 0 0 0 128 0 0 0 128 0 0 0 64 0 1 1 128 0 0 0
128 0 0 0 64 0 1 1 64 0 1 1 64 0 1 1 64 0 1 1 64 0 1 1 128 0 0 0 64 0 1 1 128 0 0 0 128 0 0 0 128 0 0 0 128 0 0 0 128 0 0 0 128 0 0 0 64 0 1 1 128 0 0 0 128 0 0 0 64 0 1 1 128 0 0 0 128 0 0 0 128 0 0 0 128 0 0 0 64 0 1 1 64 0 1 1 64 0 1 1 64 0 1 1 128 0 0 0 128 0 0 0 128 0 0 0 128 0 0 0 128 0 0 0 64 0 1 1 128 0 0 0 128 0 0 0 128 0 0 0 64 0 1 1 128 0 0 0 128 0 0 0 128 0 0 0 128 0 0 0 64 0 1 1 128 0 0 0 128 0 0 0 64 0 1 1 64 0 1 1 64 0 1 1 64 0 1 1 64 0 1 1 128 0 0 0 64 0 1 1 128 0 0 0 128 0 0 0 128 0 0 0 128 0 0 0 128 0 0 0 128 0 0 0 128 0 0 0 128 0 0 0 64 0 1 1 128 0 0 0
128 0 0 0 64 0 1 1 128 0 0 0 128 0 0 0 128 0 0 0 128 0 0 0 128 0 0 0 64 0 1 1 128 0 0 0 128 0 0 0 128 0 0 0 64 0 1 1 64 0 1 1 64 0 1 1 64 0 1 1 128 0 0 0 128 0 0 0 64 0 1 1 128 0 0 0 128 0 0 0 128 0 0 0 128 0 0 0 128 0 0 0 128 0 0 0 128 0 0 0 64 0 1 1 64 0 1 1 64 0 1 1 128 0 0 0 128 0 0 0 128 0 0 0 64 0 1 1 64 0 1 1 128 0 0 0 128 0 0 0 64 0 1 1 128 0 0 0 128 0 0 0 128 0 0 0 128 0 0 0 64 0 1 1 128 0 0 0 128 0 0 0 64 0 1 1 128 0 0 0 128 0 0 0 128 0 0 0 128 0 0 0 128 0 0 0 64 0 1 1 64 0 1 1 64 0 1 1 64 0 1 1 64 0 1 1 64 0 1 1 64 0 1 1 64 0 1 1 64 0 1 1 64 0 1 1 128 0 0 0
128 0 0 0 64 0 1 1 128 0 0 0 128 0 0 0 128 0 0 0 128 0 0 0 128 0 0 0 64 0 1 1 128 0 0 0 128 0 0 0 128 0 0 0 128 0 0 0 128 0 0 0 128 0 0 0 64 0 1 1 128 0 0 0 128 0 0 0 64 0 1 1 64 0 1 1 64 0 1 1 128 0 0 0 128 0 0 0 128 0 0 0 128 0 0 0 128 0 0 0 128 0 0 0 64 0 1 1 128 0 0 0 128 0 0 0 128 0 0 0 128 0 0 0 128 0 0 0 64 0 1 1 128 0 0 0 128 0 0 0 64 0 1 1 64 0 1 1 64 0 1 1 128 0 0 0 128 0 0 0 64 0 1 1 128 0 0 0 128 0 0 0 64 0 1 1 128 0 0 0 128 0 0 0 128 0 0 0 128 0 0 0 128 0 0 0 128 0 0 0 128 0 0 0 128 0 0 0 128 0 0 0 128 0 0 0 128 0 0 0 128 0 0 0 128 0 0 0 128 0 0 0 64 0 1 1 128 0 0 0
128 0 0 0 64 0 1 1 128 0 0 0 128 0 0 0 128 0 0 0 128 0 0 0 128 0 0 0 64 0 1 1 128 0 0 0 128 0 0 0 128 0 0 0 128 0 0 0 128 0 0 0 128 0 0 0 64 0 1 1 128 0 0 0 128 0 0 0 64 0 1 1 128 0 0 0 64 0 1 1 64 0 1 1 64 0 1 1 64 0 1 1 128 0 0 0 128 0 0 0 128 0 0 0 64 0 1 1 128 0 0 0 128 0 0 0 128 0 0 0 128 0 0 0 128 0 0 0 64 0 1 1 128 0 0 0 128 0 0 0 128 0 0 0 128 0 0 0 128 0 0 0 128 0 0 0 128 0 0 0 128 0 0 0 128 0 0 0 128 0 0 0 64 0 1 1 128 0 0 0 128 0 0 0 128 0 0 0 128 0 0 0 128 0 0 0 128 0 0 0 64 0 1 1 128 0 0 0 128 0 0 0 128 0 0 0 128 0 0 0 128 0 0 0 128 0 0 0 128 0 0 0 64 0 1 1 128 0 0 0
128 0 0 0 64 0 1 1 128 0 0 0 64 0 1 1 64 0 1 1 64 0 1 1 64 0 1 1 64 0 1 1 64 0 1 1 64 0 1 1 64 0 1 1 64 0 1 1 64 0 1 1 64 0 1 1 64 0 1 1 128 0 0 0 128 0 0 0 64 0 1 1 128 0 0 0 128 0 0 0 64 0 1 1 128 0 0 0 128 0 0 0 128 0 0 0 128 0 0 0 128 0 0 0 64 0 1 1 128 0 0 0 128 0 0 0 64 0 1 1 128 0 0 0 128 0 0 0 64 0 1 1 64 0 1 1 64 0 1 1 128 0 0 0 128 0 0 0 128 0 0 0 128 0 0 0 128 0 0 0 128 0 0 0 128 0 0 0 128 0 0 0 64 0 1 1 128 0 0 0 64 0 1 1 64 0 1 1 64 0 1 1 64 0 1 1 128 0 0 0 64 0 1 1 128 0 0 0 128 0 0 0 128 0 0 0 64 0 1 1 64 0 1 1 64 0 1 1 64 0 1 1 64 0 1 1 128 0 0 0
128 0 0 0 64 0 1 1 128 0 0 0 64 0 1 1 128 0 0 0 128 0 0 0 128 0 0 0 128 0 0 0 128 0 0 0 128 0 0 0 128 0 0 0 128 0 0 0 128 0 0 0 128 0 0 0 128 0 0 0 128 0 0 0 128 0 0 0 64 0 1 1 128 0 0 0 128 0 0 0 64 0 1 1 128 0 0 0 128 0 0 0 128 0 0 0 128 0 0 0 128 0 0 0 64 0 1 1 128 0 0 0 128 0 0 0 64 0 1 1 128 0 0 0 128 0 0 0 128 0 0 0 128 0 0 0 128 0 0 0 128 0 0 0 128 0 0 0 128 0 0 0 128 0 0 0 128 0 0 0 128 0 0 0 64 0 1 1 64 0 1 1 64 0 1 1 128 0 0 0 64 0 1 1 128 0 0 0 128 0 0 0 64 0 1 1 128 0 0 0 64 0 1 1 128 0 0 0 128 0 0 0 128 0 0 0 64 0 1 1 128 0 0 0 128 0 0 0 128 0 0 0 64 0 1 1 128 0 0 0
128 0 0 0 64 0 1 1 128 0 0 0 64 0 1 1 128 0 0 0 128 0 0 0 128 0 0 0 128 0 0 0 128 0 0 0 128 0 0 0 128 0 0 0 128 0 0 0 128 0 0 0 128 0 0 0 128 0 0 0 128 0 0 0 128 0 0 0 64 0 1 1 128 0 0 0 128 0 0 0 64 0 1 1 128 0 0 0 128 0 0 0 128 0 0 0 128 0 0 0 128 0 0 0 64 0 1 1 128 0 0 0 128 0 0 0 64 0 1 1 128 0 0 0 128 0 0 0 128 0 0 0 128 0 0 0 128 0 0 0 64 0 1 1 128 0 0 0 128 0 0 0 64 0 1 1 64 0 1 1 64 0 1 1 64 0 1 1 128 0 0 0 64 0 1 1 128 0 0 0 64 0 1 1 128 0 0 0 128 0 0 0 64 0 1 1 128 0 0 0 64 0 1 1 64 0 1 1 64 0 1 1 64 0 1 1 64 0 1 1 64 0 1 1 64 0 1 1 128 0 0 0 64 0 1 1 128 0 0 0
128 0 0 0 64 0 1 1 64 0 1 1 64 0 1 1 64 0 1 1 64 0 1 1 64 0 1 1 64 0 1 1 128 0 0 0 128 0 0 0 64 0 1 1 128 0 0 0 128 0 0 0 128 0 0 0 128 0 0 0 128 0 0 0 128 0 0 0 128 0 0 0 128 0 0 0 128 0 0 0 64 0 1 1 128 0 0 0 128 0 0 0 64 0 1 1 64 0 1 1 64 0 1 1 64 0 1 1 128 0 0 0 64 0 1 1 64 0 1 1 64 0 1 1 64 0 1 1 64 0 1 1 128 0 0 0 128 0 0 0 64 0 1 1 128 0 0 0 128 0 0 0 128 0 0 0 64 0 1 1 128 0 0 0 64 0 1 1 128 0 0 0 64 0 1 1 128 0 0 0 64 0 1 1 64 0 1 1 128 0 0 0 64 0 1 1 128 0 0 0 64 0 1 1 128 0 0 0 128 0 0 0 128 0 0 0 128 0 0 0 128 0 0 0 64 0 1 1 128 0 0 0 64 0 1 1 128 0 0 0
128 0 0 0 64 0 1 1 128 0 0 0 128 0 0 0 128 0 0 0 128 0 0 0 128 0 0 0 64 0 1 1 128 0 0 0 128 0 0 0 64 0 1 1 64 0 1 1 64 0 1 1 64 0 1 1 64 0 1 1 64 0 1 1 64 0 1 1 128 0 0 0 128 0 0 0 128 0 0 0 64 0 1 1 128 0 0 0 128 0 0 0 64 0 1 1 128 0 0 0 128 0 0 0 128 0 0 0 128 0 0 0 64 0 1 1 128 0 0 0 128 0 0 0 128 0 0 0 64 0 1 1 128 0 0 0 128 0 0 0 64 0 1 1 128 0 0 0 128 0 0 0 128 0 0 0 64 0 1 1 128 0 0 0 64 0 1 1 128 0 0 0 64 0 1 1 128 0 0 0 64 0 1 1 128 0 0 0 128 0 0 0 64 0 1 1 128 0 0 0 64 0 1 1 128 0 0 0 128 0 0 0 128 0 0 0 128 0 0 0 128 0 0 0 64 0 1 1 128 0 0 0 64 0 1 1 128 0 0 0
128 0 0 0 64 0 1 1 128 0 0 0 128 0 0 0 128 0 0 0 128 0 0 0 128 0 0 0 64 0 1 1 128 0 0 0 128 0 0 0 64 0 1 1 128 0 0 0 128 0 0 0 128 0 0 0 128 0 0 0 128 0 0 0 64 0 1 1 128 0 0 0 128 0 0 0 128 0 0 0 64 0 1 1 128 0 0 0 128 0 0 0 64 0 1 1 128 0 0 0 128 0 0 0 128 0 0 0 128 0 0 0 64 0 1 1 128 0 0 0 128 0 0 0 128 0 0 0 64 0 1 1 128 0 0 0 128 0 0 0 64 0 1 1 128 0 0 0 128 0 0 0 128 0 0 0 64 0 1 1 128 0 0 0 64 0 1 1 128 0 0 0 64 0 1 1 128 0 0 0 64 0 1 1 128 0 0 0 128 0 0 0 64 0 1 1 128 0 0 0 64 0 1 1 128 0 0 0 64 0 1 1 64 0 1 1 64 0 1 1 128 0 0 0 64 0 1 1 128 0 0 0 64 0 1 1 128 0 0 0
128 0 0 0 64 0 1 1 128 0 0 0 128 0 0 0 128 0 0 0 128 0 0 0 128 0 0 0 128 0 0 0 128 0 0 0 128 0 0 0 64 0 1 1 128 0 0 0 64 0 1 1 64 0 1 1 64 0 1 1 128 0 0 0 64 0 1 1 128 0 0 0 64 0 1 1 64 0 1 1 64 0 1 1 128 0 0 0 128 0 0 0 64 0 1 1 128 0 0 0 128 0 0 0 128 0 0 0 128 0 0 0 128 0 0 0 128 0 0 0 128 0 0 0 128 0 0 0 64 0 1 1 128 0 0 0 128 0 0 0 64 0 1 1 64 0 1 1 64 0 1 1 64 0 1 1 64 0 1 1 128 0 0 0 64 0 1 1 128 0 0 0 64 0 1 1 128 0 0 0 64 0 1 1 64 0 1 1 128 0 0 0 64 0 1 1 128 0 0 0 64 0 1 1 128 0 0 0 64 0 1 1 128 0 0 0 64 0 1 1 128 0 0 0 64 0 1 1 128 0 0 0 64 0 1 1 128 0 0 0
128 0 0 0 64 0 1 1 128 0 0 0 64 0 1 1 128 0 0 0 64 0 1 1 64 0 1 1 64 0 1 1 128 0 0 0 128 0 0 0 64 0 1 1 128 0 0 0 128 0 0 0 64 0 1 1 128 0 0 0 128 0 0 0 64 0 1 1 128 0 0 0 128 0 0 0 128 0 0 0 64 0 1 1 128 0 0 0 128 0 0 0 64 0 1 1 64 0 1 1 64 0 1 1 64 0 1 1 64 0 1 1 64 0 1 1 64 0 1 1 64 0 1 1 64 0 1 1 64 0 1 1 128 0 0 0 128 0 0 0 128 0 0 0 128 0 0 0 128 0 0 0 128 0 0 0 128 0 0 0 128 0 0 0 64 0 1 1 128 0 0 0 64 0 1 1 128 0 0 0 128 0 0 0 128 0 0 0 128 0 0 0 64 0 1 1 128 0 0 0 64 0 1 1 128 0 0 0 64 0 1 1 128 0 0 0 64 0 1 1 128 0 0 0 64 0 1 1 128 0 0 0 64 0 1 1 128 0 0 0
128 0 0 0 64 0 1 1 128 0 0 0 64 0 1 1 128 0 0 0 128 0 0 0 128 0 0 0 64 0 1 1 128 0 0 0 128 0 0 0 64 0 1 1 128 0 0 0 128 0 0 0 64 0 1 1 64 0 1 1 64 0 1 1 64 0 1 1 128 0 0 0 128 0 0 0 128 0 0 0 64 0 1 1 128 0 0 0 128 0 0 0 128 0 0 0 128 0 0 0 128 0 0 0 128 0 0 0 128 0 0 0 128 0 0 0 128 0 0 0 128 0 0 0 128 0 0 0 128 0 0 0 128 0 0 0 64 0 1 1 128 0 0 0 128 0 0 0 64 0 1 1 64 0 1 1 64 0 1 1 64 0 1 1 64 0 1 1 128 0 0 0 64 0 1 1 64 0 1 1 64 0 1 1 64 0 1 1 128 0 0 0 64 0 1 1 128 0 0 0 64 0 1 1 128 0 0 0 64 0 1 1 128 0 0 0 64 0 1 1 128 0 0 0 64 0 1 1 128 0 0 0 64 0 1 1 128 0 0 0
128 0 0 0 64 0 1 1 128 0 0 0 64 0 1 1 64 0 1 1 64 0 1 1 64 0 1 1 64 0 1 1 128 0 0 0 128 0 0 0 64 0 1 1 128 0 0 0 128 0 0 0 128 0 0 0 128 0 0 0 128 0 0 0 128 0 0 0 128 0 0 0 128 0 0 0 128 0 0 0 64 0 1 1 128 0 0 0 128 0 0 0 128 0 0 0 128 0 0 0 128 0 0 0 128 0 0 0 128 0 0 0 128 0 0 0 128 0 0 0 128 0 0 0 128 0 0 0 128 0 0 0 128 0 0 0 64 0 1 1 128 0 0 0 128 0 0 0 128 0 0 0 128 0 0 0 128 0 0 0 128 0 0 0 64 0 1 1 128 0 0 0 128 0 0 0 128 0 0 0 128 0 0 0 128 0 0 0 128 0 0 0 64 0 1 1 128 0 0 0 64 0 1 1 128 0 0 0 64 0 1 1 128 0 0 0 64 0 1 1 128 0 0 0 64 0 1 1 128 0 0 0 64 0 1 1 128 0 0 0
128 0 0 0 64 0 1 1 128 0 0 0 64 0 1 1 128 0 0 0 128 0 0 0 128 0 0 0 64 0 1 1 128 0 0 0 128 0 0 0 64 0 1 1 128 0 0 0 128 0 0 0 128 0 0 0 128 0 0 0 128 0 0 0 128 0 0 0 128 0 0 0 128 0 0 0 128 0 0 0 64 0 1 1 64 0 1 1 64 0 1 1 64 0 1 1 64 0 1 1 64 0 1 1 64 0 1 1 64 0 1 1 64 0 1 1 128 0 0 0 128 0 0 0 128 0 0 0 128 0 0 0 128 0 0 0 64 0 1 1 128 0 0 0 128 0 0 0 128 0 0 0 128 0 0 0 128 0 0 0 128 0 0 0 64 0 1 1 128 0 0 0 128 0 0 0 128 0 0 0 128 0 0 0 128 0 0 0 128 0 0 0 64 0 1 1 128 0 0 0 64 0 1 1 128 0 0 0 64 0 1 1 128 0 0 0 64 0 1 1 128 0 0 0 64 0 1 1 128 0 0 0 64 0 1 1 128 0 0 0
128 0 0 0 64 0 1 1 128 0 0 0 64 0 1 1 128 0 0 0 128 0 0 0 128 0 0 0 64 0 1 1 64 0 1 1 64 0 1 1 64 0 1 1 64 0 1 1 64 0 1 1 64 0 1 1 64 0 1 1 64 0 1 1 64 0 1 1 64 0 1 1 64 0 1 1 128 0 0 0 128 0 0 0 128 0 0 0 128 0 0 0 64 0 1 1 128 0 0 0 128 0 0 0 128 0 0 0 128 0 0 0 128 0 0 0 128 0 0 0 64 0 1 1 64 0 1 1 64 0 1 1 64 0 1 1 64 0 1 1 64 0 1 1 64 0 1 1 128 0 0 0 128 0 0 0 128 0 0 0 128 0 0 0 64 0 1 1 64 0 1 1 64 0 1 1 64 0 1 1 64 0 1 1 64 0 1 1 64 0 1 1 64 0 1 1 128 0 0 0 64 0 1 1 128 0 0 0 64 0 1 1 128 0 0 0 64 0 1 1 128 0 0 0 128 0 0 0 128 0 0 0 64 0 1 1 128 0 0 0
128 0 0 0 64 0 1 1 128 0 0 0 128 0 0 0 128 0 0 0 128 0 0 0 128 0 0 0 64 0 1 1 128 0 0 0 128 0 0 0 128 0 0 0 128 0 0 0 128 0 0 0 128 0 0 0 64 0 1 1 128 0 0 0 128 0 0 0 128 0 0 0 128 0 0 0 128 0 0 0 128 0 0 0 128 0 0 0 128 0 0 0 64 0 1 1 128 0 0 0 128 0 0 0 128 0 0 0 128 0 0 0 128 0 0 0 128 0 0 0 64 0 1 1 128 0 0 0 128 0 0 0 128 0 0 0 128 0 0 0 128 0 0 0 128 0 0 0 128 0 0 0 128 0 0 0 128 0 0 0 128 0 0 0 128 0 0 0 128 0 0 0 128 0 0 0 128 0 0 0 128 0 0 0 128 0 0 0 128 0 0 0 128 0 0 0 128 0 0 0 64 0 1 1 128 0 0 0 128 0 0 0 128 0 0 0 64 0 1 1 128 0 0 0 128 0 0 0 128 0 0 0 64 0 1 1 128 0 0 0
128 0 0 0 64 0 1 1 128 0 0 0 128 0 0 0 128 0 0 0 128 0 0 0 128 0 0 0 64 0 1 1 128 0 0 0 128 0 0 0 128 0 0 0 128 0 0 0 128 0 0 0 128 0 0 0 64 0 1 1 128 0 0 0 128 0 0 0 128 0 0 0 128 0 0 0 128 0 0 0 128 0 0 0 128 0 0 0 128 0 0 0 64 0 1 1 128 0 0 0 128 0 0 0 64 0 1 1 128 0 0 0 128 0 0 0 128 0 0 0 64 0 1 1 128 0 0 0 64 0 1 1 64 0 1 1 64 0 1 1 64 0 1 1 64 0 1 1 64 0 1 1 128 0 0 0 64 0 1 1 128 0 0 0 64 0 1 1 64 0 1 1 64 0 1 1 64 0 1 1 64 0 1 1 64 0 1 1 64 0 1 1 64 0 1 1 64 0 1 1 64 0 1 1 64 0 1 1 64 0 1 1 64 0 1 1 64 0 1 1 128 0 0 0 128 0 0 0 128 0 0 0 64 0 1 1 128 0 0 0
128 0 0 0 64 0 1 1 128 0 0 0 64 0 1 1 64 0 1 1 64 0 1 1 64 0 1 1 64 0 1 1 128 0 0 0 128 0 0 0 128 0 0 0 128 0 0 0 128 0 0 0 128 0 0 0 64 0 1 1 128 0 0 0 128 0 0 0 128 0 0 0 128 0 0 0 128 0 0 0 128 0 0 0 128 0 0 0 128 0 0 0 64 0 1 1 128 0 0 0 128 0 0 0 64 0 1 1 128 0 0 0 128 0 0 0 128 0 0 0 64 0 1 1 128 0 0 0 64 0 1 1 128 0 0 0 128 0 0 0 128 0 0 0 128 0 0 0 64 0 1 1 128 0 0 0 64 0 1 1 128 0 0 0 128 0 0 0 128 0 0 0 128 0 0 0 128 0 0 0 128 0 0 0 128 0 0 0 128 0 0 0 128 0 0 0 128 0 0 0 128 0 0 0 128 0 0 0 128 0 0 0 128 0 0 0 128 0 0 0 128 0 0 0 128 0 0 0 128 0 0 0 64 0 1 1 128 0 0 0
128 0 0 0 64 0 1 1 128 0 0 0 128 0 0 0 128 0 0 0 128 0 0 0 128 0 0 0 128 0 0 0 128 0 0 0 128 0 0 0 64 0 1 1 64 0 1 1 64 0 1 1 64 0 1 1 64 0 1 1 64 0 1 1 64 0 1 1 64 0 1 1 64 0 1 1 64 0 1 1 64 0 1 1 64 0 1 1 128 0 0 0 128 0 0 0 128 0 0 0 128 0 0 0 64 0 1 1 128 0 0 0 128 0 0 0 128 0 0 0 64 0 1 1 128 0 0 0 64 0 1 1 128 0 0 0 64 0 1 1 64 0 1 1 64 0 1 1 64 0 1 1 128 0 0 0 64 0 1 1 128 0 0 0 128 0 0 0 128 0 0 0 128 0 0 0 128 0 0 0 64 0 1 1 64 0 1 1 64 0 1 1 64 0 1 1 64 0 1 1 64 0 1 1 64 0 1 1 64 0 1 1 64 0 1 1 64 0 1 1 64 0 1 1 64 0 1 1 64 0 1 1 64 0 1 1 128 0 0 0
128 0 0 0 64 0 1 1 128 0 0 0 128 0 0 0 128 0 0 0 128 0 0 0 128 0 0 0 128 0 0 0 128 0 0 0 128 0 0 0 64 0 1 1 128 0 0 0 128 0 0 0 128 0 0 0 128 0 0 0 128 0 0 0 64 0 1 1 128 0 0 0 128 0 0 0 128 0 0 0 128 0 0 0 64 0 1 1 128 0 0 0 128 0 0 0 64 0 1 1 64 0 1 1 64 0 1 1 64 0 1 1 64 0 1 1 64 0 1 1 64 0 1 1 128 0 0 0 64 0 1 1 128 0 0 0 64 0 1 1 128 0 0 0 128 0 0 0 128 0 0 0 128 0 0 0 64 0 1 1 128 0 0 0 128 0 0 0 128 0 0 0 128 0 0 0 128 0 0 0 128 0 0 0 64 0 1 1 128 0 0 0 128 0 0 0 128 0 0 0 128 0 0 0 128 0 0 0 128 0 0 0 128 0 0 0 128 0 0 0 128 0 0 0 128 0 0 0 128 0 0 0 64 0 1 1 128 0 0 0
128 0 0 0 64 0 1 1 64 0 1 1 64 0 1 1 64 0 1 1 64 0 1 1 64 0 1 1 128 0 0 0 128 0 0 0 128 0 0 0 64 0 1 1 128 0 0 0 64 0 1 1 64 0 1 1 64 0 1 1 64 0 1 1 64 0 1 1 128 0 0 0 128 0 0 0 128 0 0 0 128 0 0 0 64 0 1 1 128 0 0 0 128 0 0 0 64 0 1 1 128 0 0 0 128 0 0 0 128 0 0 0 128 0 0 0 128 0 0 0 128 0 0 0 128 0 0 0 64 0 1 1 128 0 0 0 64 0 1 1 128 0 0 0 128 0 0 0 128 0 0 0 64 0 1 1 64 0 1 1 64 0 1 1 64 0 1 1 64 0 1 1 64 0 1 1 64 0 1 1 64 0 1 1 64 0 1 1 128 0 0 0 128 0 0 0 64 0 1 1 64 0 1 1 64 0 1 1 64 0 1 1 64 0 1 1 64 0 1 1 64 0 1 1 64 0 1 1 128 0 0 0 64 0 1 1 128 0 0 0
128 0 0 0 64 0 1 1 128 0 0 0 128 0 0 0 128 0 0 0 128 0 0 0 64 0 1 1 128 0 0 0 128 0 0 0 128 0 0 0 128 0 0 0 128 0 0 0 128 0 0 0 128 0 0 0 128 0 0 0 128 0 0 0 128 0 0 0 128 0 0 0 128 0 0 0 64 0 1 1 64 0 1 1 64 0 1 1 128 0 0 0 128 0 0 0 64 0 1 1 128 0 0 0 128 0 0 0 128 0 0 0 128 0 0 0 128 0 0 0 128 0 0 0 128 0 0 0 64 0 1 1 128 0 0 0 64 0 1 1 64 0 1 1 64 0 1 1 128 0 0 0 64 0 1 1 128 0 0 0 128 0 0 0 64 0 1 1 128 0 0 0 128 0 0 0 128 0 0 0 128 0 0 0 128 0 0 0 128 0 0 0 128 0 0 0 64 0 1 1 128 0 0 0 128 0 0 0 64 0 1 1 128 0 0 0 128 0 0 0 128 0 0 0 128 0 0 0 128 0 0 0 64 0 1 1 128 0 0 0
128 0 0 0 64 0 1 1 128 0 0 0 128 0 0 0 128 0 0 0 128 0 0 0 64 0 1 1 128 0 0 0 128 0 0 0 128 0 0 0 128 0 0 0 128 0 0 0 128 0 0 0 128 0 0 0 128 0 0 0 128 0 0 0 128 0 0 0 128 0 0 0 128 0 0 0 64 0 1 1 128 0 0 0 128 0 0 0 128 0 0 0 128 0 0 0 64 0 1 1 128 0 0 0 128 0 0 0 128 0 0 0 128 0 0 0 128 0 0 0 128 0 0 0 128 0 0 0 64 0 1 1 128 0 0 0 128 0 0 0 128 0 0 0 128 0 0 0 128 0 0 0 64 0 1 1 128 0 0 0 128 0 0 0 64 0 1 1 128 0 0 0 64 0 1 1 64 0 1 1 64 0 1 1 64 0 1 1 64 0 1 1 64 0 1 1 64 0 1 1 128 0 0 0 128 0 0 0 64 0 1 1 128 0 0 0 64 0 1 1 64 0 1 1 64 0 1 1 64 0 1 1 64 0 1 1 128 0 0 0
128 0 0 0 64 0 1 1 128 0 0 0 128 0 0 0 128 0 0 0 128 0 0 0 128 0 0 0 128 0 0 0 128 0 0 0 128 0 0 0 64 0 1 1 64 0 1 1 64 0 1 1 128 0 0 0 128 0 0 0 64 0 1 1 64 0 1 1 64 0 1 1 64 0 1 1 64 0 1 1 128 0 0 0 128 0 0 0 128 0 0 0 128 0 0 0 64 0 1 1 128 0 0 0 128 0 0 0 128 0 0 0 64 0 1 1 64 0 1 1 64 0 1 1 64 0 1 1 64 0 1 1 64 0 1 1 128 0 0 0 128 0 0 0 128 0 0 0 128 0 0 0 128 0 0 0 128 0 0 0 128 0 0 0 64 0 1 1 128 0 0 0 128 0 0 0 128 0 0 0 128 0 0 0 128 0 0 0 128 0 0 0 128 0 0 0 128 0 0 0 128 0 0 0 128 0 0 0 64 0 1 1 128 0 0 0 128 0 0 0 64 0 1 1 128 0 0 0 128 0 0 0 64 0 1 1 128 0 0 0
128 0 0 0 64 0 1 1 64 0 1 1 64 0 1 1 64 0 1 1 64 0 1 1 64 0 1 1 64 0 1 1 64 0 1 1 64 0 1 1 64 0 1 1 128 0 0 0 128 0 0 0 128 0 0 0 128 0 0 0 128 0 0 0 128 0 0 0 128 0 0 0 128 0 0 0 64 0 1 1 128 0 0 0 128 0 0 0 128 0 0 0 128 0 0 0 64 0 1 1 128 0 0 0 128 0 0 0 128 0 0 0 128 0 0 0 128 0 0 0 128 0 0 0 128 0 0 0 64 0 1 1 64 0 1 1 128 0 0 0 128 0 0 0 128 0 0 0 128 0 0 0 64 0 1 1 64 0 1 1 64 0 1 1 64 0 1 1 128 0 0 0 128 0 0 0 128 0 0 0 128 0 0 0 64 0 1 1 128 0 0 0 128 0 0 0 128 0 0 0 128 0 0 0 128 0 0 0 64 0 1 1 128 0 0 0 128 0 0 0 64 0 1 1 128 0 0 0 128 0 0 0 64 0 1 1 128 0 0 0
128 0 0 0 64 0 1 1 128 0 0 0 128 0 0 0 128 0 0 0 128 0 0 0 128 0 0 0 64 0 1 1 128 0 0 0 128 0 0 0 64 0 1 1 128 0 0 0 128 0 0 0 64 0 1 1 128 0 0 0 128 0 0 0 128 0 0 0 128 0 0 0 128 0 0 0 64 0 1 1 128 0 0 0 128 0 0 0 128 0 0 0 128 0 0 0 64 0 1 1 128 0 0 0 128 0 0 0 128 0 0 0 128 0 0 0 128 0 0 0 128 0 0 0 128 0 0 0 128 0 0 0 64 0 1 1 128 0 0 0 128 0 0 0 128 0 0 0 128 0 0 0 64 0 1 1 128 0 0 0 128 0 0 0 64 0 1 1 128 0 0 0 128 0 0 0 128 0 0 0 128 0 0 0 64 0 1 1 128 0 0 0 128 0 0 0 128 0 0 0 128 0 0 0 128 0 0 0 64 0 1 1 128 0 0 0 128 0 0 0 128 0 0 0 128 0 0 0 128 0 0 0 64 0 1 1 128 0 0 0
128 0 0 0 64 0 1 1 128 0 0 0 128 0 0 0 128 0 0 0 128 0 0 0 128 0 0 0 64 0 1 1 128 0 0 0 128 0 0 0 64 0 1 1 128 0 0 0 128 0 0 0 64 0 1 1 128 0 0 0 128 0 0 0 128 0 0 0 128 0 0 0 128 0 0 0 64 0 1 1 64 0 1 1 64 0 1 1 64 0 1 1 64 0 1 1 64 0 1 1 64 0 1 1 64 0 1 1 64 0 1 1 64 0 1 1 64 0 1 1 64 0 1 1 64 0 1 1 128 0 0 0 64 0 1 1 128 0 0 0 128 0 0 0 128 0 0 0 128 0 0 0 64 0 1 1 64 0 1 1 128 0 0 0 64 0 1 1 64 0 1 1 64 0 1 1 64 0 1 1 64 0 1 1 64 0 1 1 64 0 1 1 64 0 1 1 64 0 1 1 64 0 1 1 128 0 0 0 64 0 1 1 64 0 1 1 64 0 1 1 128 0 0 0 128 0 0 0 128 0 0 0 64 0 1 1 128 0 0 0
128 0 0 0 64 0 1 1 128 0 0 0 128 0 0 0 128 0 0 0 128 0 0 0 128 0 0 0 128 0 0 0 128 0 0 0 128 0 0 0 64 0 1 1 128 0 0 0 128 0 0 0 64 0 1 1 128 0 0 0 128 0 0 0 128 0 0 0 128 0 0 0 128 0 0 0 64 0 1 1 128 0 0 0 128 0 0 0 128 0 0 0 64 0 1 1 128 0 0 0 128 0 0 0 128 0 0 0 128 0 0 0 128 0 0 0 128 0 0 0 128 0 0 0 128 0 0 0 128 0 0 0 64 0 1 1 128 0 0 0 128 0 0 0 128 0 0 0 128 0 0 0 128 0 0 0 128 0 0 0 128 0 0 0 64 0 1 1 128 0 0 0 128 0 0 0 128 0 0 0 128 0 0 0 128 0 0 0 128 0 0 0 128 0 0 0 128 0 0 0 128 0 0 0 128 0 0 0 128 0 0 0 128 0 0 0 64 0 1 1 128 0 0 0 128 0 0 0 128 0 0 0 64 0 1 1 128 0 0 0
128 0 0 0 64 0 1 1 128 0 0 0 128 0 0 0 64 0 1 1 64 0 1 1 64 0 1 1 128 0 0 0 128 0 0 0 128 0 0 0 64 0 1 1 64 0 1 1 64 0 1 1 64 0 1 1 64 0 1 1 128 0 0 0 64 0 1 1 64 0 1 1 64 0 1 1 64 0 1 1 128 0 0 0 128 0 0 0 128 0 0 0 64 0 1 1 64 0 1 1 64 0 1 1 64 0 1 1 64 0 1 1 64 0 1 1 128 0 0 0 128 0 0 0 128 0 0 0 128 0 0 0 64 0 1 1 64 0 1 1 64 0 1 1 64 0 1 1 64 0 1 1 64 0 1 1 128 0 0 0 128 0 0 0 64 0 1 1 64 0 1 1 64 0 1 1 64 0 1 1 64 0 1 1 64 0 1 1 64 0 1 1 64 0 1 1 64 0 1 1 64 0 1 1 128 0 0 0 128 0 0 0 128 0 0 0 64 0 1 1 64 0 1 1 64 0 1 1 64 0 1 1 64 0 1 1 128 0 0 0
128 0 0 0 64 0 1 1 128 0 0 0 128 0 0 0 64 0 1 1 128 0 0 0 128 0 0 0 128 0 0 0 128 0 0 0 128 0 0 0 64 0 1 1 128 0 0 0 128 0 0 0 128 0 0 0 128 0 0 0 128 0 0 0 64 0 1 1 128 0 0 0 128 0 0 0 128 0 0 0 128 0 0 0 128 0 0 0 128 0 0 0 64 0 1 1 128 0 0 0 128 0 0 0 128 0 0 0 128 0 0 0 128 0 0 0 128 0 0 0 128 0 0 0 128 0 0 0 128 0 0 0 64 0 1 1 128 0 0 0 128 0 0 0 64 0 1 1 128 0 0 0 128 0 0 0 128 0 0 0 128 0 0 0 64 0 1 1 128 0 0 0 64 0 1 1 128 0 0 0 128 0 0 0 64 0 1 1 128 0 0 0 128 0 0 0 64 0 1 1 128 0 0 0 128 0 0 0 128 0 0 0 128 0 0 0 64 0 1 1 128 0 0 0 128 0 0 0 128 0 0 0 64 0 1 1 128 0 0 0
128 0 0 0 64 0 1 1 64 0 1 1 64 0 1 1 64 0 1 1 128 0 0 0 128 0 0 0 128 0 0 0 128 0 0 0 128 0 0 0 64 0 1 1 128 0 0 0 128 0 0 0 128 0 0 0 128 0 0 0 128 0 0 0 64 0 1 1 128 0 0 0 128 0 0 0 128 0 0 0 128 0 0 0 128 0 0 0 128 0 0 0 64 0 1 1 128 0 0 0 128 0 0 0 128 0 0 0 128 0 0 0 128 0 0 0 128 0 0 0 64 0 1 1 64 0 1 1 64 0 1 1 64 0 1 1 128 0 0 0 128 0 0 0 64 0 1 1 128 0 0 0 128 0 0 0 128 0 0 0 128 0 0 0 64 0 1 1 128 0 0 0 64 0 1 1 128 0 0 0 128 0 0 0 64 0 1 1 128 0 0 0 128 0 0 0 64 0 1 1 128 0 0 0 128 0 0 0 128 0 0 0 128 0 0 0 64 0 1 1 128 0 0 0 128 0 0 0 128 0 0 0 64 0 1 1 128 0 0 0
128 0 0 0 64 0 1 1 128 0 0 0 128 0 0 0 128 0 0 0 128 0 0 0 128 0 0 0 64 0 1 1 64 0 1 1 64 0 1 1 64 0 1 1 128 0 0 0 128 0 0 0 128 0 0 0 128 0 0 0 128 0 0 0 64 0 1 1 128 0 0 0 128 0 0 0 128 0 0 0 128 0 0 0 128 0 0 0 128 0 0 0 64 0 1 1 128 0 0 0 128 0 0 0 128 0 0 0 128 0 0 0 128 0 0 0 128 0 0 0 128 0 0 0 128 0 0 0 128 0 0 0 128 0 0 0 128 0 0 0 128 0 0 0 64 0 1 1 128 0 0 0 128 0 0 0 128 0 0 0 128 0 0 0 64 0 1 1 128 0 0 0 128 0 0 0 128 0 0 0 128 0 0 0 128 0 0 0 128 0 0 0 128 0 0 0 128 0 0 0 128 0 0 0 128 0 0 0 128 0 0 0 128 0 0 0 64 0 1 1 128 0 0 0 64 0 1 1 128 0 0 0 64 0 1 1 128 0 0 0
128 0 0 0 64 0 1 1 128 0 0 0 128 0 0 0 128 0 0 0 128 0 0 0 128 0 0 0 128 0 0 0 128 0 0 0 128 0 0 0 64 0 1 1 128 0 0 0 64 0 1 1 64 0 1 1 64 0 1 1 64 0 1 1 64 0 1 1 64 0 1 1 64 0 1 1 64 0 1 1 64 0 1 1 128 0 0 0 128 0 0 0 64 0 1 1 128 0 0 0 128 0 0 0 64 0 1 1 64 0 1 1 64 0 1 1 64 0 1 1 64 0 1 1 128 0 0 0 128 0 0 0 128 0 0 0 128 0 0 0 128 0 0 0 64 0 1 1 128 0 0 0 64 0 1 1 64 0 1 1 64 0 1 1 64 0 1 1 128 0 0 0 128 0 0 0 128 0 0 0 128 0 0 0 64 0 1 1 64 0 1 1 64 0 1 1 64 0 1 1 64 0 1 1 64 0 1 1 64 0 1 1 128 0 0 0 64 0 1 1 128 0 0 0 64 0 1 1 128 0 0 0 64 0 1 1 128 0 0 0
128 0 0 0 64 0 1 1 128 0 0 0 128 0 0 0 128 0 0 0 128 0 0 0 128 0 0 0 128 0 0 0 128 0 0 0 128 0 0 0 64 0 1 1 128 0 0 0 128 0 0 0 64 0 1 1 128 0 0 0 128 0 0 0 128 0 0 0 128 0 0 0 128 0 0 0 128 0 0 0 128 0 0 0 128 0 0 0 128 0 0 0 64 0 1 1 128 0 0 0 128 0 0 0 128 0 0 0 128 0 0 0 128 0 0 0 128 0 0 0 64 0 1 1 128 0 0 0 64 0 1 1 128 0 0 0 128 0 0 0 128 0 0 0 64 0 1 1 128 0 0 0 128 0 0 0 128 0 0 0 128 0 0 0 64 0 1 1 128 0 0 0 128 0 0 0 128 0 0 0 128 0 0 0 64 0 1 1 128 0 0 0 128 0 0 0 128 0 0 0 128 0 0 0 128 0 0 0 128 0 0 0 128 0 0 0 64 0 1 1 128 0 0 0 64 0 1 1 128 0 0 0 64 0 1 1 128 0 0 0
128 0 0 0 64 0 1 1 128 0 0 0 128 0 0 0 64 0 1 1 64 0 1 1 64 0 1 1 64 0 1 1 64 0 1 1 64 0 1 1 64 0 1 1 128 0 0 0 128 0 0 0 64 0 1 1 128 0 0 0 128 0 0 0 128 0 0 0 128 0 0 0 128 0 0 0 64 0 1 1 128 0 0 0 128 0 0 0 128 0 0 0 64 0 1 1 128 0 0 0 128 0 0 0 128 0 0 0 128 0 0 0 128 0 0 0 128 0 0 0 64 0 1 1 128 0 0 0 64 0 1 1 128 0 0 0 128 0 0 0 128 0 0 0 128 0 0 0 128 0 0 0 128 0 0 0 128 0 0 0 128 0 0 0 64 0 1 1 128 0 0 0 128 0 0 0 128 0 0 0 128 0 0 0 64 0 1 1 128 0 0 0 128 0 0 0 128 0 0 0 128 0 0 0 128 0 0 0 128 0 0 0 128 0 0 0 64 0 1 1 128 0 0 0 64 0 1 1 128 0 0 0 64 0 1 1 128 0 0 0
128 0 0 0 64 0 1 1 128 0 0 0 128 0 0 0 64 0 1 1 128 0 0 0 128 0 0 0 128 0 0 0 128 0 0 0 128 0 0 0 64 0 1 1 128 0 0 0 128 0 0 0 64 0 1 1 128 0 0 0 128 0 0 0 128 0 0 0 128 0 0 0 128 0 0 0 64 0 1 1 128 0 0 0 128 0 0 0 128 0 0 0 64 0 1 1 64 0 1 1 64 0 1 1 64 0 1 1 64 0 1 1 64 0 1 1 128 0 0 0 64 0 1 1 128 0 0 0 64 0 1 1 128 0 0 0 128 0 0 0 128 0 0 0 128 0 0 0 128 0 0 0 128 0 0 0 64 0 1 1 64 0 1 1 64 0 1 1 64 0 1 1 64 0 1 1 64 0 1 1 64 0 1 1 64 0 1 1 128 0 0 0 64 0 1 1 64 0 1 1 64 0 1 1 64 0 1 1 64 0 1 1 64 0 1 1 64 0 1 1 128 0 0 0 64 0 1 1 128 0 0 0 64 0 1 1 128 0 0 0
128 0 0 0 64 0 1 1 128 0 0 0 128 0 0 0 64 0 1 1 128 0 0 0 128 0 0 0 128 0 0 0 128 0 0 0 128 0 0 0 64 0 1 1 128 0 0 0 128 0 0 0 64 0 1 1 64 0 1 1 64 0 1 1 64 0 1 1 64 0 1 1 64 0 1 1 64 0 1 1 128 0 0 0 128 0 0 0 128 0 0 0 128 0 0 0 128 0 0 0 128 0 0 0 128 0 0 0 128 0 0 0 64 0 1 1 128 0 0 0 64 0 1 1 64 0 1 1 64 0 1 1 128 0 0 0 128 0 0 0 128 0 0 0 128 0 0 0 128 0 0 0 128 0 0 0 128 0 0 0 128 0 0 0 128 0 0 0 128 0 0 0 64 0 1 1 128 0 0 0 128 0 0 0 128 0 0 0 128 0 0 0 64 0 1 1 128 0 0 0 128 0 0 0 128 0 0 0 128 0 0 0 128 0 0 0 128 0 0 0 128 0 0 0 64 0 1 1 64 0 1 1 64 0 1 1 128 0 0 0
128 0 0 0 64 0 1 1 128 0 0 0 128 0 0 0 64 0 1 1 64 0 1 1 64 0 1 1 128 0 0 0 128 0 0 0 128 0 0 0 64 0 1 1 128 0 0 0 128 0 0 0 64 0 1 1 128 0 0 0 128 0 0 0 128 0 0 0 128 0 0 0 128 0 0 0 128 0 0 0 128 0 0 0 128 0 0 0 128 0 0 0 128 0 0 0 128 0 0 0 128 0 0 0 128 0 0 0 128 0 0 0 64 0 1 1 128 0 0 0 128 0 0 0 128 0 0 0 64 0 1 1 128 0 0 0 128 0 0 0 128 0 0 0 128 0 0 0 128 0 0 0 128 0 0 0 128 0 0 0 128 0 0 0 128 0 0 0 128 0 0 0 64 0 1 1 128 0 0 0 64 0 1 1 128 0 0 0 128 0 0 0 64 0 1 1 128 0 0 0 128 0 0 0 128 0 0 0 128 0 0 0 128 0 0 0 128 0 0 0 128 0 0 0 128 0 0 0 128 0 0 0 64 0 1 1 128 0 0 0
128 0 0 0 64 0 1 1 128 0 0 0 128 0 0 0 64 0 1 1 128 0 0 0 128 0 0 0 128 0 0 0 128 0 0 0 128 0 0 0 128 0 0 0 128 0 0 0 128 0 0 0 64 0 1 1 128 0 0 0 128 0 0 0 128 0 0 0 128 0 0 0 128 0 0 0 128 0 0 0 128 0 0 0 128 0 0 0 128 0 0 0 128 0 0 0 128 0 0 0 128 0 0 0 128 0 0 0 128 0 0 0 64 0 1 1 64 0 1 1 64 0 1 1 64 0 1 1 64 0 1 1 64 0 1 1 64 0 1 1 64 0 1 1 128 0 0 0 64 0 1 1 64 0 1 1 64 0 1 1 64 0 1 1 64 0 1 1 128 0 0 0 64 0 1 1 128 0 0 0 64 0 1 1 128 0 0 0 128 0 0 0 128 0 0 0 128 0 0 0 128 0 0 0 128 0 0 0 128 0 0 0 128 0 0 0 64 0 1 1 64 0 1 1 64 0 1 1 64 0 1 1 64 0 1 1 128 0 0 0
128 0 0 0 64 0 1 1 128 0 0 0 128 0 0 0 64 0 1 1 128 0 0 0 128 0 0 0 128 0 0 0 128 0 0 0 128 0 0 0 128 0 0 0 128 0 0 0 128 0 0 0 64 0 1 1 64 0 1 1 64 0 1 1 64 0 1 1 64 0 1 1 64 0 1 1 64 0 1 1 64 0 1 1 64 0 1 1 64 0 1 1 64 0 1 1 64 0 1 1 64 0 1 1 128 0 0 0 128 0 0 0 64 0 1 1 128 0 0 0 128 0 0 0 128 0 0 0 128 0 0 0 128 0 0 0 64 0 1 1 128 0 0 0 128 0 0 0 64 0 1 1 128 0 0 0 128 0 0 0 128 0 0 0 64 0 1 1 128 0 0 0 64 0 1 1 128 0 0 0 64 0 1 1 64 0 1 1 64 0 1 1 128 0 0 0 128 0 0 0 128 0 0 0 64 0 1 1 64 0 1 1 64 0 1 1 64 0 1 1 128 0 0 0 128 0 0 0 128 0 0 0 64 0 1 1 128 0 0 0
128 0 0 0 64 0 1 1 128 0 0 0 128 0 0 0 64 0 1 1 64 0 1 1 64 0 1 1 64 0 1 1 64 0 1 1 128 0 0 0 128 0 0 0 128 0 0 0 128 0 0 0 128 0 0 0 128 0 0 0 128 0 0 0 128 0 0 0 128 0 0 0 128 0 0 0 128 0 0 0 64 0 1 1 128 0 0 0 128 0 0 0 128 0 0 0 128 0 0 0 128 0 0 0 128 0 0 0 128 0 0 0 64 0 1 1 128 0 0 0 128 0 0 0 128 0 0 0 128 0 0 0 128 0 0 0 64 0 1 1 128 0 0 0 128 0 0 0 64 0 1 1 128 0 0 0 128 0 0 0 128 0 0 0 64 0 1 1 128 0 0 0 64 0 1 1 128 0 0 0 64 0 1 1 128 0 0 0 128 0 0 0 128 0 0 0 128 0 0 0 128 0 0 0 128 0 0 0 128 0 0 0 128 0 0 0 128 0 0 0 128 0 0 0 128 0 0 0 128 0 0 0 64 0 1 1 128 0 0 0
128 0 0 0 64 0 1 1 128 0 0 0 128 0 0 0 128 0 0 0 128 0 0 0 128 0 0 0 128 0 0 0 128 0 0 0 128 0 0 0 128 0 0 0 128 0 0 0 128 0 0 0 128 0 0 0 128 0 0 0 128 0 0 0 128 0 0 0 128 0 0 0 128 0 0 0 128 0 0 0 64 0 1 1 128 0 0 0 128 0 0 0 128 0 0 0 128 0 0 0 128 0 0 0 128 0 0 0 128 0 0 0 64 0 1 1 128 0 0 0 128 0 0 0 128 0 0 0 128 0 0 0 128 0 0 0 64 0 1 1 128 0 0 0 128 0 0 0 64 0 1 1 128 0 0 0 64 0 1 1 64 0 1 1 64 0 1 1 128 0 0 0 64 0 1 1 128 0 0 0 64 0 1 1 64 0 1 1 64 0 1 1 64 0 1 1 64 0 1 1 64 0 1 1 64 0 1 1 64 0 1 1 128 0 0 0 128 0 0 0 128 0 0 0 128 0 0 0 128 0 0 0 64 0 1 1 128 0 0 0
128 0 0 0 64 0 1 1 128 0 0 0 128 0 0 0 128 0 0 0 128 0 0 0 128 0 0 0 128 0 0 0 64 0 1 1 64 0 1 1 64 0 1 1 64 0 1 1 64 0 1 1 64 0 1 1 64 0 1 1 64 0 1 1 64 0 1 1 128 0 0 0 128 0 0 0 128 0 0 0 64 0 1 1 128 0 0 0 128 0 0 0 128 0 0 0 128 0 0 0 64 0 1 1 64 0 1 1 64 0 1 1 64 0 1 1 64 0 1 1 64 0 1 1 64 0 1 1 128 0 0 0 128 0 0 0 64 0 1 1 128 0 0 0 128 0 0 0 64 0 1 1 128 0 0 0 128 0 0 0 128 0 0 0 128 0 0 0 128 0 0 0 64 0 1 1 128 0 0 0 128 0 0 0 128 0 0 0 128 0 0 0 128 0 0 0 128 0 0 0 128 0 0 0 128 0 0 0 64 0 1 1 128 0 0 0 128 0 0 0 128 0 0 0 128 0 0 0 128 0 0 0 64 0 1 1 128 0 0 0
128 0 0 0 64 0 1 1 128 0 0 0 128 0 0 0 128 0 0 0 128 0 0 0 128 0 0 0 128 0 0 0 64 0 1 1 128 0 0 0 128 0 0 0 128 0 0 0 64 0 1 1 128 0 0 0 128 0 0 0 128 0 0 0 128 0 0 0 128 0 0 0 128 0 0 0 128 0 0 0 128 0 0 0 128 0 0 0 128 0 0 0 128 0 0 0 128 0 0 0 64 0 1 1 128 0 0 0 128 0 0 0 128 0 0 0 64 0 1 1 128 0 0 0 128 0 0 0 128 0 0 0 128 0 0 0 64 0 1 1 128 0 0 0 64 0 1 1 64 0 1 1 64 0 1 1 64 0 1 1 64 0 1 1 64 0 1 1 64 0 1 1 64 0 1 1 64 0 1 1 64 0 1 1 64 0 1 1 64 0 1 1 64 0 1 1 64 0 1 1 128 0 0 0 128 0 0 0 64 0 1 1 128 0 0 0 128 0 0 0 128 0 0 0 128 0 0 0 128 0 0 0 64 0 1 1 128 0 0 0
128 0 0 0 64 0 1 1 64 0 1 1 64 0 1 1 64 0 1 1 64 0 1 1 64 0 1 1 64 0 1 1 64 0 1 1 128 0 0 0 128 0 0 0 128 0 0 0 64 0 1 1 64 0 1 1 64 0 1 1 64 0 1 1 64 0 1 1 64 0 1 1 64 0 1 1 64 0 1 1 64 0 1 1 64 0 1 1 64 0 1 1 64 0 1 1 64 0 1 1 64 0 1 1 128 0 0 0 128 0 0 0 128 0 0 0 64 0 1 1 128 0 0 0 64 0 1 1 64 0 1 1 64 0 1 1 64 0 1 1 128 0 0 0 128 0 0 0 128 0 0 0 128 0 0 0 128 0 0 0 128 0 0 0 128 0 0 0 128 0 0 0 128 0 0 0 128 0 0 0 128 0 0 0 128 0 0 0 128 0 0 0 128 0 0 0 128 0 0 0 128 0 0 0 128 0 0 0 64 0 1 1 64 0 1 1 64 0 1 1 64 0 1 1 64 0 1 1 128 0 0 0 64 0 1 1 128 0 0 0
128 0 0 0 64 0 1 1 128 0 0 0 128 0 0 0 128 0 0 0 128 0 0 0 128 0 0 0 128 0 0 0 128 0 0 0 128 0 0 0 128 0 0 0 128 0 0 0 128 0 0 0 128 0 0 0 128 0 0 0 128 0 0 0 128 0 0 0 128 0 0 0 128 0 0 0 128 0 0 0 128 0 0 0 128 0 0 0 128 0 0 0 128 0 0 0 128 0 0 0 128 0 0 0 128 0 0 0 128 0 0 0 128 0 0 0 128 0 0 0 128 0 0 0 128 0 0 0 128 0 0 0 128 0 0 0 128 0 0 0 128 0 0 0 128 0 0 0 128 0 0 0 128 0 0 0 128 0 0 0 128 0 0 0 128 0 0 0 128 0 0 0 128 0 0 0 128 0 0 0 128 0 0 0 128 0 0 0 128 0 0 0 128 0 0 0 128 0 0 0 128 0 0 0 128 0 0 0 128 0 0 0 128 0 0 0 128 0 0 0 128 0 0 0 128 0 0 0 128 0 0 0 576 0 2 0 128 0 0 0
128 0 0 0 64 0 1 1 64 0 1 1 64 0 1 1 64 0 1 1 64 0 1 1 64 0 1 1 64 0 1 1 64 0 1 1 64 0 1 1 64 0 1 1 64 0 1 1 64 0 1 1 64 0 1 1 64 0 1 1 64 0 1 1 64 0 1 1 64 0 1 1 64 0 1 1 64 0 1 1 64 0 1 1 64 0 1 1 64 0 1 1 64 0 1 1 64 0 1 1 64 0 1 1 64 0 1 1 64 0 1 1 64 0 1 1 64 0 1 1 64 0 1 1 64 0 1 1 64 0 1 1 64 0 1 1 64 0 1 1 64 0 1 1 64 0 1 1 64 0 1 1 64 0 1 1 64 0 1 1 64 0 1 1 64 0 1 1 64 0 1 1 64 0 1 1 64 0 1 1 64 0 1 1 64 0 1 1 64 0 1 1 64 0 1 1 64 0 1 1 64 0 1 1 64 0 1 1 64 0 1 1 64 0 1 1 64 0 1 1 64 0 1 1 64 0 1 1 64 0 1 1 64 0 1 1 128 0 0 0
128 0 0 0 128 0 0 0 128 0 0 0 128 0 0 0 128 0 0 0 128 0 0 0 128 0 0 0 128 0 0 0 128 0 0 0 128 0 0 0 128 0 0 0 128 0 0 0 128 0 0 0 128 0 0 0 128 0 0 0 128 0 0 0 128 0 0 0 128 0 0 0 128 0 0 0 128 0 0 0 128 0 0 0 128 0 0 0 128 0 0 0 128 0 0 0 128 0 0 0 128 0 0 0 128 0 0 0 128 0 0 0 128 0 0 0 128 0 0 0 128 0 0 0 128 0 0 0 128 0 0 0 128 0 0 0 128 0 0 0 128 0 0 0 128 0 0 0 128 0 0 0 128 0 0 0 128 0 0 0 128 0 0 0 128 0 0 0 128 0 0 0 128 0 0 0 128 0 0 0 128 0 0 0 128 0 0 0 128 0 0 0 128 0 0 0 128 0 0 0 128 0 0 0 128 0 0 0 128 0 0 0 128 0 0 0 128 0 0 0 128 0 0 0 128 0 0 0 128 0 0 0 128 0 0 0 128 0 0 0